gene	E003	E005	E006	E008	E009	E010	E017	E114	E115	E116	E117	E118	E119	E120	E121	E122	E123	E124	E125	E126	E127	E128	E129
ENSG00000001617	2720	24145	7581	0	4009	0	4949	1757	0	1240	5172	2200	5181	1601	2263	1929	1963	2459	8118	440	2271	2403	1768
ENSG00000003756	1497	1745	1464	1364	1464	1591	1315	1488	1746	1663	1652	980	1756	1187	2564	1346	1349	1983	1699	1274	1645	1220	1514
ENSG00000003989	3838	1482	2299	1476	3284	3387	2773	5620	0	0	4829	0	263	4034	1965	3726	0	0	4569	1627	3302	3427	3650
ENSG00000004142	2167	1251	1364	1312	1381	1276	1417	1498	1939	1572	2802	1354	2004	1291	1543	1767	1792	2824	3064	1182	2155	1649	2408
ENSG00000005379	0	7940	3875	0	1597	2887	3493	0	0	0	2166	3833	699	0	0	4209	8212	4066	1899	0	0	0	1073
ENSG00000005381	1488	2925	1022	2141	2663	0	3595	0	1604	0	0	0	0	2065	2598	0	3774	21048	0	0	0	0	1609
ENSG00000005448	1556	2600	3405	2032	1709	2576	3087	2249	2915	3548	2957	1533	2111	524	3116	2667	2077	6178	2561	2032	1072	518	1592
ENSG00000007312	2712	6080	5369	2772	5031	0	5156	0	2343	2958	0	0	2209	3600	1462	2557	2359	1962	0	0	1231	0	0
ENSG00000007314	3215	3428	974	0	0	0	4978	1160	0	0	1798	0	1292	0	0	1099	1159	3913	3182	0	1587	0	0
ENSG00000007376	1145	7020	2241	1473	1350	1119	10337	918	1352	1205	1384	0	1586	1476	1275	1330	1372	3391	2533	1186	1762	1500	1455
ENSG00000008282	780	2539	2153	2649	385	3963	1902	2023	1067	3094	2899	2165	2258	2040	5649	2400	3540	6701	4055	3346	475	2281	1827
ENSG00000011143	2256	1747	1583	1741	1818	1788	1773	2855	2471	2740	2338	1720	1926	1790	1900	1882	1729	7892	2606	3016	2522	2362	1942
ENSG00000015520	0	3210	2836	1571	5678	3576	6704	2271	0	0	3472	1597	2943	662	0	0	7872	0	0	0	2202	0	1088
ENSG00000021488	2414	469	1727	1248	7521	0	0	0	0	0	1123	2039	1372	0	0	0	0	0	0	0	0	0	427
ENSG00000023330	747	6074	5263	1884	429	2550	1212	1151	4434	2112	1067	2641	3399	2579	2358	3357	4584	4754	2069	3495	442	3435	3505
ENSG00000028277	2967	1832	1528	1049	3129	0	4527	947	1997	3207	0	0	2164	2531	1913	1877	0	1905	2046	1700	2492	2667	5485
ENSG00000035115	2155	4582	2080	0	1769	3088	2668	1951	1813	2952	1739	0	3752	2271	3851	2674	2064	3767	2277	2202	3954	3469	3054
ENSG00000040531	7321	4286	3725	1653	2569	1851	2639	1831	2889	1852	2479	1590	2482	1801	3535	1929	1909	3280	2516	1891	2365	1849	1957
ENSG00000043143	4665	7513	6184	1359	4641	4224	5374	4123	4907	6343	5539	1083	5180	4419	5011	4597	9917	8469	4757	4729	5234	4248	4670
ENSG00000049167	2034	2202	2126	1944	2635	4128	2034	2256	3711	3218	2838	2138	2205	2533	2560	2739	2069	3492	2208	2117	3302	2136	3547
ENSG00000050820	2450	20983	4113	1670	2860	1704	4909	3232	0	1801	3153	0	4167	1937	3083	1893	1960	2416	3153	1389	418	649	2015
ENSG00000052126	1864	2111	2047	2905	3141	5364	2179	3631	3331	1949	4341	1370	4022	3733	4431	4098	4055	5200	4503	4456	3983	4182	4444
ENSG00000055950	2771	4851	2136	1161	1329	1004	1409	1395	1766	1567	1414	0	2012	1427	1908	1463	1287	2097	1660	1167	1569	1385	1682
ENSG00000058600	2345	2635	2204	1923	1433	2101	2273	2068	2278	2406	914	1882	2048	2349	1352	1990	1840	2635	1874	1971	1894	1974	1965
ENSG00000058673	1672	1574	1511	2548	3086	1624	1534	2293	3061	3543	2204	0	2389	2639	2375	2287	3138	5331	2332	3718	2606	1524	2386
ENSG00000059804	4822	8348	0	828	357	1475	0	3090	565	557	1948	576	508	1363	584	1447	3047	1419	1007	717	3755	701	1341
ENSG00000063046	577	4021	1760	1686	3079	3244	3153	3186	3178	3443	1471	0	3648	3177	3259	2139	3187	6090	4176	3103	3086	2621	3196
ENSG00000063660	4373	12774	5633	344	3242	3588	8833	1883	0	1666	483	0	4356	0	2037	3029	2566	5704	5533	0	1702	0	3760
ENSG00000063854	3575	5776	5603	2174	2097	2171	2521	2259	2334	2439	3819	0	2809	2095	2268	2023	2039	2665	2633	2062	2490	2172	2792
ENSG00000064601	4613	4273	3793	2037	2378	1951	3223	1974	2164	2248	2309	841	3311	2244	1978	1995	1321	3981	2129	2009	2156	1929	1994
ENSG00000064932	8210	11690	5624	338	3181	3062	5222	972	2516	2715	245	0	3430	1716	1385	1719	2996	3419	1583	258	0	549	1204
ENSG00000066735	2667	8837	9376	2277	6284	3697	4314	4211	0	0	3112	0	869	4911	4510	960	0	3568	4048	1482	1299	0	0
ENSG00000066933	3236	3100	3470	3520	2880	3617	2676	2505	3617	3583	3682	3514	3124	3140	3859	3249	3954	5258	2809	3287	3163	2808	3326
ENSG00000068793	2712	3091	2315	2601	2373	2529	3398	2243	2054	2772	2390	2594	2687	3263	3284	2197	2694	6236	2407	2797	2665	3184	2355
ENSG00000070444	3062	261	2459	1311	4175	3735	5149	3484	5305	4004	4823	0	228	4298	3921	4289	5065	6093	4300	1872	4110	1954	1594
ENSG00000071894	1923	11460	11156	1904	10485	4239	4086	1677	1873	1674	1930	0	1796	706	4023	1599	1558	2563	1895	1443	1520	775	1869
ENSG00000072071	3219	8397	5518	793	4847	3860	3131	2073	6049	1862	1546	834	3448	3138	3509	2317	3494	4931	992	2224	872	923	909
ENSG00000072182	0	9856	3609	0	614	0	3281	897	0	0	0	607	0	657	1222	0	2950	0	1770	0	0	0	929
ENSG00000072195	2742	4713	2361	893	2309	2236	6089	1578	2180	2028	2317	0	2229	2109	3430	1808	2522	2795	4663	1301	1432	1301	3388
ENSG00000072694	0	0	0	0	0	0	0	0	0	0	0	0	0	0	0	0	2033	0	0	0	0	0	0
ENSG00000073350	3439	3388	3261	1446	1552	875	3350	2017	0	2077	2312	1725	2342	2012	1829	1923	2335	3250	2068	1382	2108	1524	0
ENSG00000074071	1365	12210	8524	0	1969	1799	11003	2701	1893	3477	3205	0	3569	3405	3260	1595	3265	3970	3457	3142	3535	2921	3387
ENSG00000075399	5286	5757	8732	1976	2609	2278	6600	0	2696	2931	4509	0	3778	3527	3310	3246	2317	4525	4669	3112	3154	3436	3554
ENSG00000075711	3371	3461	3307	3002	3719	3299	3471	2844	3262	2647	3795	3590	3010	2758	2636	3118	3751	6129	2425	3410	2773	3154	4325
ENSG00000076864	3656	8919	3891	2313	4790	724	5742	2150	0	0	3328	2289	1403	2650	900	1206	1295	1225	1836	0	1678	0	955
ENSG00000076928	2961	2935	4974	2929	2688	2796	3403	2701	2153	2376	2889	2496	2728	2593	2613	2484	3523	3208	2653	2540	2600	2553	2861
ENSG00000077238	2268	6737	1069	2365	2104	1666	3888	1494	2844	2278	4291	3553	2476	2053	2415	1370	1389	3719	1145	1544	1488	1347	1294
ENSG00000077935	1891	1597	1641	753	1011	1559	1509	1793	0	1261	1647	739	1410	1973	1129	1928	0	2968	2444	2118	2132	980	2337
ENSG00000079432	4385	10665	3554	2419	5360	2959	5610	3486	2210	3904	1477	1277	3948	3447	1508	1378	5462	3868	1429	1248	3178	1116	1278
ENSG00000079435	0	0	0	0	0	0	0	3653	0	0	0	0	0	0	1590	0	0	4122	0	0	0	0	0
ENSG00000079462	1202	3221	2214	1932	2232	2012	2018	2222	2525	2383	2432	1947	2285	1677	1796	2202	2538	2480	2095	2130	2541	1978	1765
ENSG00000080608	1441	2580	2300	1879	1556	3271	1704	2246	2624	2544	2435	1791	2470	2080	2780	2491	2343	2827	2256	2398	2020	1811	2585
ENSG00000080910	0	1575	230	0	1510	0	0	0	0	0	0	0	0	0	0	0	2000	0	0	0	0	0	0
ENSG00000081692	2129	2704	1872	0	1803	2192	2959	1568	1699	1914	2863	0	2506	1306	1999	1643	1915	2133	2513	2053	2649	1769	1592
ENSG00000083807	2420	9364	3810	1336	2325	1795	4020	1667	3402	2245	3388	1535	2295	1970	3378	1675	1962	4720	3812	1962	1698	1845	1828
ENSG00000083812	1194	2499	2261	992	1901	1630	3204	2008	2092	1145	2634	942	1447	2415	1881	1351	1502	3869	1944	1144	1535	2039	2026
ENSG00000083828	3554	3491	1787	706	2292	0	1464	1266	2401	2208	1302	0	1539	1604	1624	1926	1674	1889	1910	1692	1496	1848	1792
ENSG00000083838	1588	4455	4075	1947	2031	1935	3991	1594	2179	1912	1611	0	1911	2084	1780	1752	1719	2996	1807	1788	1979	1680	2514
ENSG00000083845	3201	3564	3241	1178	1886	1515	3963	1105	2288	2696	2698	0	1863	2469	2432	1498	2326	3263	3256	1575	1501	1930	2201
ENSG00000085552	1966	3646	2514	2034	2209	1834	1690	480	0	0	0	0	339	989	1575	1113	1925	6372	2449	0	895	0	2295
ENSG00000086504	0	6799	1813	0	689	509	3671	447	1040	1352	2381	0	1493	493	0	1202	2085	999	0	567	1459	0	0
ENSG00000086506	0	2974	2607	711	1773	0	1745	2001	491	1676	0	0	1517	0	0	1262	2082	2321	0	0	760	0	0
ENSG00000087191	1649	4524	1671	1889	1878	1628	1779	1529	2509	2243	1745	2124	1896	1539	2446	1492	1969	2294	2497	1925	1670	1671	1698
ENSG00000087266	3666	5664	1209	1247	3884	986	13589	5501	2271	2360	3590	0	2403	2944	3873	2902	1692	0	3088	2715	2275	1603	3580
ENSG00000088038	913	6859	510	919	2565	2102	570	1951	524	2749	730	1098	2759	2335	3097	543	1997	2652	2030	932	802	1149	2396
ENSG00000088827	2278	0	3183	0	2980	0	4555	0	1127	651	0	0	0	1161	2592	0	1359	2660	0	0	0	0	0
ENSG00000089060	3247	8935	2282	1019	2640	983	4158	2717	2720	2054	3537	681	1851	2358	3113	3167	2776	4224	3213	1475	1766	1346	2046
ENSG00000090975	912	5355	675	0	1973	0	4729	396	1716	2119	841	0	1062	814	1573	793	0	8536	654	0	0	0	558
ENSG00000091704	2194	3554	5409	2598	715	0	516	0	0	0	0	0	2005	517	4865	0	3505	2419	2194	1394	1975	0	3651
ENSG00000094914	2538	4515	7438	2443	3097	2725	2075	1997	2165	4905	1889	1429	2443	1856	8252	2490	4921	7176	2480	3436	2598	2439	2187
ENSG00000095539	1824	3026	2769	1684	1646	1620	3701	3219	0	2005	0	0	1418	1040	2566	1554	2290	3251	2068	1398	1504	1538	1756
ENSG00000095752	3532	2605	2466	0	2406	2531	6139	1479	0	0	508	0	2133	2164	980	2232	2452	2579	2723	1509	2442	2351	2530
ENSG00000095906	1730	12210	2416	0	2175	1898	2853	1708	1858	1912	1245	0	2478	1734	1860	1877	1786	2428	1959	1889	1905	1952	1651
ENSG00000096401	2679	2076	4792	2575	2645	1947	2542	1943	2760	4625	2656	3117	3838	2647	2149	3301	2684	11958	2554	4755	3080	3794	2671
ENSG00000099326	4592	4975	1458	1737	1829	3685	4539	3838	4170	3878	2089	940	3966	4100	4153	3982	3858	4436	4218	3798	3978	4191	4303
ENSG00000099769	0	0	0	0	0	0	0	0	0	0	0	0	0	0	0	0	0	0	0	0	0	0	0
ENSG00000099889	1912	19391	6192	1805	1814	1433	3915	1209	3615	2301	2033	1290	1657	1627	1401	1883	1560	3112	2880	1605	1699	1403	2320
ENSG00000099949	1502	5199	1620	1142	1676	1465	1638	1600	2119	2025	2643	1079	4447	2318	813	1112	3659	5224	1447	730	1971	1265	1280
ENSG00000100033	1622	4966	813	0	968	1160	930	999	0	0	634	0	831	803	769	785	0	1646	776	0	1645	585	0
ENSG00000100038	4259	744	1263	1600	3407	1009	4747	1554	3600	1003	1934	1188	3550	3603	1234	1161	1220	6674	3817	3465	1460	1184	3763
ENSG00000100068	2195	8624	4032	1096	4178	4955	5526	1230	3213	2750	4083	0	2624	4376	3914	3040	4030	8199	5951	2764	3184	2989	3038
ENSG00000100300	2051	2577	201	270	2289	1868	1738	2199	1195	2526	2406	314	1726	1015	1486	341	1590	360	2456	2009	548	2374	2344
ENSG00000100304	376	1822	1739	2158	4144	3218	5655	3660	1349	1295	1387	1207	278	451	4234	2491	2852	1991	1154	3668	1482	1485	2736
ENSG00000100314	0	2800	0	0	1043	0	4768	0	0	0	0	0	204	0	2767	0	0	0	0	0	0	0	0
ENSG00000100319	1480	2643	2192	1609	1981	1638	1884	1753	2839	2092	2393	1258	2257	2104	1906	1924	1915	2398	2306	2225	1806	1730	2220
ENSG00000100401	2170	6650	3906	1946	3556	3098	1372	3033	3647	2301	2101	2148	1815	2007	3310	1771	3651	7112	1761	2072	3568	2266	3239
ENSG00000100403	2612	2523	0	0	2039	2041	1933	1975	2930	3300	2569	609	2366	2420	2168	3146	430	3777	2450	2746	2121	1333	3453
ENSG00000100410	2026	3412	2596	1561	1526	1745	1354	1578	1831	2272	2064	949	2020	1864	1931	1409	1255	2779	2051	1461	1941	1861	1754
ENSG00000100412	2026	3592	2596	1561	1526	1745	1354	1578	1831	2272	2064	949	2020	1864	1931	1409	1255	2779	2051	1461	1941	1861	1754
ENSG00000100413	4154	2645	1483	1491	1721	2532	1542	1707	2561	1757	3008	0	3056	3070	4570	2343	2450	1303	1925	1661	1696	1551	2985
ENSG00000100417	1588	4030	2622	1963	2246	2002	1902	2830	2163	1983	2937	0	1902	2871	1713	1907	2181	2633	1555	1857	1933	1773	1865
ENSG00000100605	3074	4613	3502	865	4140	2568	5187	2106	2886	4903	2756	668	4108	3939	3720	2841	4192	5680	2565	2383	4502	2346	4467
ENSG00000100767	3796	3057	1979	1471	1620	4912	2916	1665	0	1288	2095	894	1495	1142	1276	1511	0	7787	4650	1443	2956	835	2894
ENSG00000100884	0	371	2529	0	0	0	0	0	0	0	0	0	0	0	0	0	0	0	0	0	0	0	0
ENSG00000100979	1336	2897	2047	2710	3015	2155	4936	3283	1838	695	3167	1620	2909	3004	2460	3641	714	8805	2780	3826	2673	3413	4019
ENSG00000100982	2776	2691	2322	1898	2306	1804	2591	2384	2607	2270	2611	1681	2023	1649	2019	1952	2211	2619	2468	1702	2803	2105	2654
ENSG00000101197	459	28144	7922	1295	2657	2315	5156	7416	0	0	6835	0	0	959	1464	517	0	0	3331	530	0	671	4536
ENSG00000101292	3076	1925	1861	3220	2759	1350	0	1294	0	0	0	0	1012	0	1726	546	0	0	0	0	1139	0	0
ENSG00000102854	0	2066	4978	625	2967	0	0	1556	0	0	2319	0	1523	0	0	0	1091	5436	1509	0	1577	0	0
ENSG00000103024	1365	12210	8524	0	1969	1799	11003	2701	1893	3477	3205	0	3569	3405	3260	948	3265	3970	3457	3142	3535	2921	3387
ENSG00000103043	4357	37009	3553	2160	2508	1967	8683	2284	2276	2020	1171	2198	4396	3180	10680	1975	3496	1453	5207	1596	1934	2972	7595
ENSG00000103089	0	1620	1201	338	1394	2417	3656	1943	0	1808	2199	1825	1569	1564	1842	1396	1301	1775	1531	0	1256	0	0
ENSG00000103154	1921	1046	0	0	2197	2398	2814	0	0	0	0	0	251	0	0	1034	0	1037	0	0	0	0	0
ENSG00000103245	2662	2535	2522	0	1892	1561	3096	1353	2108	2340	2165	1562	1633	1518	1218	1641	1763	1577	1689	2345	1592	1492	2151
ENSG00000103253	3049	10092	4812	2693	2665	1300	5246	0	1916	2698	2227	0	2440	1549	1518	2348	2612	2195	2431	0	2186	2076	737
ENSG00000103254	1209	3279	3553	0	2293	1042	8753	1571	1916	1715	2286	0	2009	2223	3786	2061	2329	3207	2911	1642	2218	1469	1797
ENSG00000103260	791	1457	3805	0	2293	1323	8216	1571	2134	1434	2286	0	2009	2223	3786	2061	2329	3207	2911	1642	2218	1469	1797
ENSG00000103266	1553	11207	4019	2576	1568	1604	13518	896	2245	1978	2490	0	2624	1267	1369	1227	1593	2641	1645	1727	1160	1959	1630
ENSG00000103269	1553	11207	4415	0	0	0	5538	0	0	0	0	0	0	0	0	1220	1090	0	0	225	0	0	0
ENSG00000103319	3144	4887	2826	2129	3595	2621	4640	3947	2014	3929	1459	2545	3103	2473	6778	3564	3709	6562	3034	2570	3052	3201	333
ENSG00000103335	711	8328	6772	322	4249	1745	8659	1619	1427	6075	2779	0	2421	2470	1477	2360	2290	3167	4367	2139	2260	667	3303
ENSG00000104518	1316	6530	3214	2123	1340	1244	3218	1313	1544	2948	2755	0	1403	1005	2553	1779	2963	1271	2584	2391	1495	1587	2724
ENSG00000104522	276	5199	1436	1929	1731	1416	2968	1510	2632	1764	2462	251	2000	2030	1598	303	912	2474	1457	1900	1644	890	893
ENSG00000104524	2180	5199	4431	2165	2573	1451	3352	1435	1988	2265	2229	0	1625	2483	1366	1968	2705	2223	2833	1896	1487	2120	2792
ENSG00000104529	982	8309	5730	0	2105	1507	2222	1579	1999	2102	4022	0	2736	2449	1905	1334	2135	2183	3400	960	1764	1612	2319
ENSG00000104687	1410	3444	1765	1553	4185	4629	1503	1352	1550	2509	1568	1227	1477	1517	548	2066	5598	4133	2822	1487	2179	1555	1550
ENSG00000104884	1498	5498	1379	1678	4917	4679	2076	1630	2924	1877	1216	0	1394	4488	1686	243	7535	5241	1233	2915	1280	1624	5299
ENSG00000105369	835	2935	0	0	0	0	0	0	1187	0	0	0	0	0	0	0	3523	3208	0	0	0	0	0
ENSG00000105372	2217	6188	1452	871	1655	1602	2071	1372	1640	1678	1160	0	2068	1383	2054	1342	3500	10890	2170	1103	1101	1109	2191
ENSG00000105393	3520	6920	1604	564	549	1351	1059	1530	2141	964	1856	895	2135	2705	2201	1643	5939	6068	1018	2644	1702	834	4001
ENSG00000105404	701	318	1888	2292	4380	1984	3268	2694	1961	2258	2750	1711	2652	2035	1970	2502	2598	4989	2214	1863	2415	1695	2408
ENSG00000105409	1031	798	3402	541	3768	3015	7348	1785	860	1038	0	0	517	1283	1170	928	828	5121	1532	1026	702	0	0
ENSG00000105427	2708	0	0	0	2414	3013	3949	0	2968	0	0	0	262	0	0	0	3207	3000	976	0	2684	0	0
ENSG00000105428	2275	0	0	0	0	0	0	0	0	0	0	0	0	0	0	0	1538	0	0	0	0	0	0
ENSG00000105429	3252	8179	4135	2201	3188	2048	3217	2447	5893	2577	1624	1411	3340	3018	3052	3009	1783	3730	3607	2403	2527	2394	2375
ENSG00000105617	2210	3179	1046	2052	2239	1662	1251	554	1800	612	1828	1775	2378	575	938	746	1178	1361	732	916	605	1024	972
ENSG00000105618	1584	4098	2719	1917	1240	1129	1873	1159	1885	1594	904	864	1782	1553	2903	1846	1998	2106	2544	1482	1343	1445	1941
ENSG00000105619	1584	4098	2719	1917	1240	1129	5061	1159	1885	1594	904	864	1782	1553	2903	1846	1998	2106	2544	1482	1343	1445	1941
ENSG00000105722	8713	9258	3261	808	3609	3349	7186	722	3048	4037	2368	0	4087	4291	4152	3632	3716	3789	5117	3131	2459	1462	2481
ENSG00000105723	2936	8334	4923	2463	3383	3483	3190	3027	4037	3684	4379	1981	3438	3263	3794	3519	3386	4468	3844	3399	456	1206	3476
ENSG00000105732	2175	3313	4522	2931	5318	1973	4904	1904	2384	2097	2196	1026	2055	1688	2081	2114	3499	5067	1615	1615	281	1685	2189
ENSG00000105737	2175	3313	4522	2931	5318	1973	4904	0	0	0	0	0	0	0	0	2114	3499	5067	0	0	281	0	0
ENSG00000106714	0	0	0	0	0	0	0	0	0	0	0	0	0	0	0	654	0	0	0	0	630	0	0
ENSG00000106992	1534	14442	5861	1455	1641	2663	6562	1322	0	1648	2352	1283	2048	2359	2590	2303	1882	2497	3109	1213	1663	1506	2259
ENSG00000107014	1000	0	0	497	1750	0	491	1500	1108	1595	0	0	563	0	0	624	0	6636	2369	0	543	0	0
ENSG00000107104	2671	9416	4328	2782	2870	3312	3474	2586	2510	2888	3183	2184	2452	3260	4027	2879	3582	13890	3425	3749	3801	2916	2213
ENSG00000107130	2803	5141	1674	893	3069	2089	4147	2016	0	0	1573	0	2466	2413	3257	2104	1921	2988	3077	717	2237	502	640
ENSG00000107147	0	1369	2497	0	1232	0	8704	688	0	0	6667	0	1000	878	3694	963	1894	1078	0	0	210	0	0
ENSG00000107521	1527	2172	1749	1647	1903	3165	2331	1580	3993	1765	3132	1547	2269	1790	2346	1891	476	3339	2496	2408	2995	2839	2657
ENSG00000107560	1944	1815	1972	2197	2342	3027	1883	2747	3369	3479	2983	2619	2281	3963	642	3253	3211	5930	2564	3437	4444	3970	3554
ENSG00000107815	2771	4851	2136	1161	1329	1004	1409	1395	1766	1567	1414	0	2012	1427	1908	1463	1287	2097	1660	1167	1569	1385	1682
ENSG00000107816	4705	10298	1861	1474	4309	2979	4570	4047	4052	6242	5976	0	5420	4129	5830	4547	5294	5461	5597	3780	5401	4844	5391
ENSG00000107902	2417	512	1202	760	1881	496	654	1845	200	2603	2213	994	4040	1229	280	1300	4043	4465	1261	1862	1660	1178	2523
ENSG00000108278	6119	5152	3389	1759	2522	1918	1540	993	1549	1171	1780	2025	2221	1085	1080	2213	2509	6784	1635	1480	2193	1102	1164
ENSG00000108469	1407	1569	886	1447	1197	1370	1698	1438	1447	1347	1141	1374	1532	1265	1638	1063	1614	3103	1548	1644	1212	1177	1653
ENSG00000108479	2059	3541	3611	0	2519	2237	4412	1292	1575	2326	2716	1994	1955	2243	2611	2059	2592	2346	2772	2136	1578	1529	2302
ENSG00000108592	1649	4524	1671	1889	1878	1628	1779	1529	2509	2243	1745	2124	1896	1539	2446	1492	1969	2294	2497	1925	1670	1671	1698
ENSG00000108604	2285	7893	3617	1315	4374	3130	3775	3694	3724	3334	2541	2198	3525	3807	3897	3048	3355	20888	3366	2705	2526	4575	4709
ENSG00000108622	4507	4792	4461	249	867	2001	2611	920	1924	1491	4983	2113	3489	2263	1345	1085	1438	7014	1864	1059	1142	1288	4775
ENSG00000108826	1710	3841	1137	951	1259	1384	1516	1514	1647	1371	1928	1196	2226	1291	1765	1191	1499	1964	1150	1224	1989	1150	1995
ENSG00000109072	1936	4299	3313	1900	3025	2122	3063	1998	0	2006	5876	0	1548	2328	1807	1453	1627	2782	2811	1809	1411	2764	0
ENSG00000109079	2705	7152	2601	2306	2206	1868	2373	1817	2587	2324	2455	2196	2664	1799	2138	2209	2615	3348	2887	1294	2601	1885	2349
ENSG00000109083	2705	1616	3121	2306	2206	1868	2373	1817	2587	2324	2455	2196	2664	1799	2138	2209	2615	3348	2887	1294	2601	1885	2349
ENSG00000109084	2585	5286	3409	3370	3198	3089	4019	11410	3400	3378	2449	2624	4209	2719	3341	3163	3479	5922	4013	3877	2616	4209	8008
ENSG00000109133	653	4482	2744	936	1004	3825	3353	6538	4829	5463	2434	1218	1271	1993	3307	2398	1621	2918	2088	6741	2062	5846	6126
ENSG00000109205	202	0	0	2379	0	0	0	0	0	0	1414	0	0	0	0	0	0	0	259	0	0	0	0
ENSG00000109208	1173	0	0	0	0	1308	0	0	0	0	0	0	468	0	0	0	0	0	0	0	0	0	0
ENSG00000109536	2097	2341	2335	1656	2243	4156	1718	2203	4475	2909	2289	2065	2198	2099	3407	2390	3708	5073	2841	2463	2806	3877	2019
ENSG00000109758	0	1877	1942	0	0	0	8178	923	0	832	1357	0	1157	597	1749	784	0	3935	1333	0	2021	834	1588
ENSG00000110218	3665	3392	4058	1840	2926	3295	3491	1820	4850	3562	3015	1593	2796	3227	5262	2982	2763	3779	4239	1835	3205	2639	4078
ENSG00000111077	1441	9141	5303	621	5697	5237	5464	4570	3905	1886	4988	4039	4561	4765	8983	4096	4129	3391	5505	3183	2652	1202	4656
ENSG00000111196	3340	4297	1469	3513	2844	3602	1083	9473	4045	3895	1792	3490	1861	4292	2050	1391	9906	11863	1270	2540	3812	7096	6252
ENSG00000111325	1492	17050	3053	2412	2119	1769	2108	1860	2126	2294	3142	927	2140	1851	2083	2007	2091	1208	2714	1750	2145	2136	2249
ENSG00000111344	2189	1129	1573	1530	1115	0	2301	1999	0	0	407	0	1782	0	0	0	1202	1570	0	0	417	0	0
ENSG00000111700	0	0	214	0	3416	17158	356	0	0	0	0	0	0	0	0	0	0	0	0	0	0	0	0
ENSG00000112164	2534	3722	824	2301	3580	755	2277	0	2163	0	0	0	3863	0	0	0	0	1907	0	0	0	0	0
ENSG00000112246	0	1871	300	0	1923	2506	1806	3556	4636	0	0	0	1674	6582	7515	1982	0	5736	2720	2097	0	0	1659
ENSG00000112494	455	0	3340	474	2115	0	0	612	1352	0	0	0	198	0	0	0	0	3634	802	0	0	0	0
ENSG00000113758	3371	2502	3381	780	1726	0	4067	1713	3072	1818	1115	0	1147	0	0	699	1875	1309	0	0	0	0	0
ENSG00000114349	3181	0	4472	0	1092	0	4775	0	0	0	5398	0	0	0	0	0	0	8773	0	0	0	0	0
ENSG00000114353	3198	4991	4027	2269	2742	2418	4345	2485	4572	3809	4474	4930	4236	1871	2927	2666	6266	4691	2920	3568	1197	2193	4116
ENSG00000114654	3237	3398	2236	1132	1310	1251	3511	0	2779	0	0	0	1262	1865	2120	1949	1347	5827	1794	0	604	0	0
ENSG00000114771	3512	0	679	0	0	6796	0	1943	2330	0	0	0	4193	0	0	2407	0	0	0	0	2610	0	0
ENSG00000114779	2699	2878	4610	2161	3362	2939	4566	2219	2757	2818	5210	0	1514	2794	3510	3516	4273	3891	3620	2972	1397	2838	3677
ENSG00000114786	2699	1884	4610	2161	3362	2939	3350	2219	2726	2818	2267	0	2341	2794	3510	3516	4273	3891	3620	2972	2101	2838	3677
ENSG00000114993	2931	3849	3211	1142	5518	2608	4283	1328	2206	2850	2016	749	3511	2730	1275	2866	2101	7434	3332	3138	2847	3094	809
ENSG00000115274	1136	1146	1105	1418	1090	6907	1183	3371	1614	1202	635	1052	991	1286	1483	1283	3911	7199	1496	1098	2006	800	1881
ENSG00000115275	3383	4122	1719	1204	1647	1487	1984	1609	1925	2037	2060	0	1930	1766	1736	1863	1530	2904	1719	1464	1956	1628	1970
ENSG00000115282	3783	4359	2820	2088	1979	1919	3745	1732	2084	2180	2685	1263	2755	2023	2705	1804	1919	2705	2309	1658	1804	1966	2295
ENSG00000115289	3807	3627	6440	1359	4118	3059	3965	5372	4948	4061	5257	795	1473	1224	1197	1729	4949	4138	3394	1769	1963	1875	2658
ENSG00000115297	3807	3627	6440	0	4118	3059	3965	1285	4948	2875	5257	795	1473	852	1358	0	4949	4094	3394	0	0	0	0
ENSG00000115307	1726	3194	2932	2772	2111	2020	2269	1914	2354	3267	2577	0	2233	1958	2368	2138	2029	3497	3690	1888	1953	2623	2664
ENSG00000115317	1726	4002	2932	2772	2111	2020	2269	1914	2354	3267	2577	0	2233	1958	2368	2138	2029	3497	3690	1888	1953	2623	2664
ENSG00000116785	0	0	0	0	1261	3685	0	0	0	0	0	0	0	0	553	0	0	0	0	0	0	0	0
ENSG00000117281	1988	8882	1482	1465	1639	2045	2490	1864	1459	2836	1527	3216	2835	2967	0	1989	2965	5230	1632	2135	2452	1620	2328
ENSG00000118007	4485	3089	1759	2493	5221	3978	2202	4122	4303	6570	2794	672	3937	3826	6324	4349	6186	8530	4436	5688	5706	1302	5162
ENSG00000118369	2971	5976	3411	2414	4619	2493	5089	573	2912	3661	5487	0	723	2308	1945	209	2619	3518	541	2596	1144	2266	1329
ENSG00000119408	4249	24350	535	2594	297	3681	2783	3812	0	882	5724	0	3607	2502	2138	320	2396	1486	3556	1087	2306	1079	2732
ENSG00000119574	1538	9364	610	1887	605	1654	3221	4105	2184	3390	3908	1988	3761	2203	1973	3697	544	5082	3408	3249	3646	2419	562
ENSG00000119943	422	3064	1620	1298	2097	859	2832	1118	1418	624	2214	576	1706	1666	1934	1447	1027	717	1382	1133	1329	1078	1502
ENSG00000120440	1483	0	0	0	0	0	0	0	0	0	0	0	0	0	0	0	0	0	0	0	0	0	0
ENSG00000120910	2140	2166	1693	2205	2994	4367	2176	2208	1177	5162	3253	2465	2914	3165	4687	4545	4864	7591	3127	3511	3278	2674	3280
ENSG00000121053	940	0	6534	0	0	0	1310	0	0	0	2414	0	0	0	0	0	2656	4897	0	0	0	0	0
ENSG00000121410	1020	2206	445	0	0	0	2724	0	0	0	0	0	0	0	435	1233	0	0	0	0	0	0	0
ENSG00000121653	652	1545	3474	0	1854	1514	1728	386	513	0	2266	0	1163	1167	1284	445	693	0	784	0	0	0	0
ENSG00000121680	2511	3330	881	3130	7468	1981	4480	1213	3612	2268	3241	3224	2010	1356	1811	2165	1992	8108	6384	2022	2832	2097	3218
ENSG00000121848	1738	1717	1397	1267	1414	1616	1674	1296	1387	1264	1415	864	1436	1237	1502	1313	1287	2234	1271	250	1375	1194	2119
ENSG00000121900	2941	3830	3169	926	1584	1083	2843	1278	0	0	1991	0	1550	1325	1534	1489	1928	0	2816	2235	1485	1518	1475
ENSG00000121905	0	0	0	0	0	0	0	0	0	0	0	0	975	0	591	0	0	0	0	0	0	0	0
ENSG00000123064	644	4958	2920	1809	2298	3010	2803	1972	2601	2220	2354	1684	2096	2258	2246	2043	2292	3202	3375	2464	1925	2253	2913
ENSG00000123349	2006	2003	3478	1483	1184	1591	3114	1270	1815	1765	1936	934	1534	1019	3530	776	1584	4541	1772	1375	1382	912	5051
ENSG00000123989	2939	9577	831	1811	2025	1967	1999	2783	1985	2801	2267	0	3501	1715	2779	1277	1612	3955	2055	1891	1567	1740	3308
ENSG00000124006	2298	4977	8091	1001	3517	3265	4147	2239	1524	0	2451	0	2997	2065	3792	1780	5148	3411	3446	1838	2336	1900	1879
ENSG00000124257	4613	4273	3793	2037	2378	1951	3223	1974	2164	2248	2309	841	3311	2244	1978	1995	1321	3981	2129	2009	2156	1929	1994
ENSG00000124467	0	0	0	0	0	0	391	493	0	0	0	0	0	0	0	0	0	0	0	0	0	0	1489
ENSG00000124664	4928	1670	362	0	3051	1161	1432	2568	0	0	3683	0	0	1643	803	644	2360	4073	1166	0	0	597	537
ENSG00000125498	151	0	0	0	0	0	0	0	0	0	0	0	0	0	0	0	0	0	0	0	0	0	0
ENSG00000125508	1536	1333	1109	0	3921	0	1915	0	0	0	2441	0	0	0	0	0	3389	1809	0	1815	0	0	0
ENSG00000125531	1859	1333	2322	748	3921	2159	1915	1438	2262	2332	673	0	2051	1994	1655	1818	3389	1809	2097	1815	2062	628	1503
ENSG00000125551	0	0	0	0	0	0	0	0	0	0	0	0	0	0	0	0	0	0	0	0	0	0	0
ENSG00000125731	4700	4767	583	3045	2329	0	3643	2223	2971	2157	4151	0	2268	2956	2273	2153	1997	1995	3425	0	3197	0	0
ENSG00000125788	0	603	0	0	1176	1958	0	2269	2056	586	1048	1052	541	0	0	0	1218	0	0	0	0	0	0
ENSG00000125844	3370	3191	862	1764	4878	5922	2943	3643	3167	3314	3141	0	3145	2935	3708	2687	4861	8319	1499	1487	3597	1254	1431
ENSG00000125861	1735	5414	2867	0	0	0	238	0	0	417	0	0	0	0	0	0	480	0	0	0	0	0	0
ENSG00000126246	2105	7404	1498	2108	1821	1483	1793	1632	1638	974	2514	0	1936	1580	1897	1541	2479	6423	2643	1515	1909	1340	2310
ENSG00000127220	3306	6591	3874	1551	4069	4078	4157	1646	1749	1911	3858	1183	4242	4085	4103	1086	2574	2333	4418	3961	4245	1207	4234
ENSG00000127399	3003	9657	5571	571	2690	0	1936	2606	2453	434	2600	1204	197	597	2735	968	315	3723	1316	2395	2845	0	3302
ENSG00000127412	1745	0	0	0	0	0	2282	1394	0	0	270	0	0	0	0	0	0	5768	0	0	0	0	0
ENSG00000127578	429	8055	2743	0	2173	1698	4645	0	0	0	412	0	0	0	0	0	0	0	0	0	0	0	0
ENSG00000127580	2654	4196	8961	0	1481	1045	2486	882	1574	1535	2124	0	971	1669	1187	1098	1516	2699	1619	1089	1526	1454	1166
ENSG00000127585	2991	2390	3805	557	2213	2058	8216	882	0	1809	2346	0	588	0	0	0	2450	2699	0	0	638	0	0
ENSG00000127586	1145	7020	2241	1473	1350	1119	6467	918	1352	1205	458	0	1586	1476	522	1330	1372	3391	2533	1186	1762	1500	1455
ENSG00000127588	223	677	2337	0	1318	0	0	0	0	0	0	0	0	0	0	0	0	0	0	0	0	0	0
ENSG00000128524	1392	2655	1681	1516	2613	911	1477	4227	2896	5027	1566	1418	1722	1118	1029	1536	5486	4619	1569	1301	1508	1601	1456
ENSG00000128591	4373	7497	6501	1134	2115	3886	4473	1340	0	0	0	0	957	4274	1189	4693	1946	2710	6458	3260	980	3701	1676
ENSG00000128713	0	7521	1342	0	5541	5526	3275	3739	1595	0	1633	0	1685	588	4145	846	0	0	948	0	424	0	0
ENSG00000128714	0	1180	2500	0	933	1861	2758	1135	5893	601	0	2945	752	2005	1073	890	640	5738	1189	609	230	0	738
ENSG00000129159	0	1282	9622	0	1208	1045	8600	0	0	0	3137	0	0	1920	3571	1057	0	0	3273	0	0	0	0
ENSG00000129925	3505	5405	1812	1442	816	3330	3583	1538	2291	3690	1663	0	3555	561	1236	3711	1378	4254	3863	2469	3610	2097	3490
ENSG00000130037	1736	1924	1475	0	2849	992	3167	0	0	0	0	0	0	0	0	0	0	0	0	0	0	0	0
ENSG00000130312	3306	6916	4126	1551	4069	4078	4157	1646	2988	1911	3858	1183	4242	4085	4103	1086	4467	4501	4418	3961	4245	1207	4234
ENSG00000130589	2163	6065	3941	1899	2073	1890	3010	3052	1504	1158	3596	2585	1367	1912	3657	1688	2598	2231	2494	2456	2058	1460	2165
ENSG00000130595	492	9740	2209	0	1600	0	4392	0	1242	0	0	0	0	0	0	0	0	0	0	0	0	0	0
ENSG00000130649	896	1052	0	0	0	0	3396	2432	2287	1841	1072	1618	2324	1866	2311	1967	1412	4336	978	1273	1567	1305	1531
ENSG00000130701	1533	10936	2504	805	0	0	4978	0	0	0	0	0	321	0	0	0	0	0	0	0	0	0	0
ENSG00000130702	2317	23838	6708	0	5172	4125	7805	0	0	2238	3550	0	1639	2769	2889	3440	5051	3856	3247	4374	0	0	2287
ENSG00000130724	1401	10179	2654	1248	1298	1505	1906	1013	2233	2041	2134	0	1203	886	1733	783	1149	2558	1463	933	1326	1004	1682
ENSG00000130725	2595	10179	2527	1248	1919	1505	2049	2002	2233	1845	3308	0	2324	1461	1840	1834	2025	1376	1537	1972	1766	1438	2492
ENSG00000130726	2182	8597	2593	447	1190	618	1247	851	2131	1486	2396	0	2445	1531	1557	2154	2058	1836	2198	775	2209	1859	1877
ENSG00000130731	3718	3633	3198	2006	3352	2597	6195	1635	2727	2047	2335	0	1717	1638	3127	2277	2797	1953	3194	2250	2684	2103	2218
ENSG00000130787	3453	13499	2512	864	2723	3180	2626	2449	4087	2483	2580	0	512	2724	3640	2906	3529	735	4178	2558	2599	2998	3829
ENSG00000131080	1166	1977	2034	2661	2358	4123	2297	3033	0	3161	0	1572	2974	3434	2270	1251	0	3033	2098	1877	3433	1827	2915
ENSG00000131095	4009	3824	2854	0	3676	0	4474	1815	0	1887	6631	835	4313	1011	2199	859	1992	16979	5332	0	2408	2197	1238
ENSG00000131149	1666	16734	4529	0	4038	0	6010	3440	3418	3877	4495	0	3437	3356	2175	3314	1301	7465	1859	0	3346	0	2032
ENSG00000131188	2205	2184	2453	0	2295	1202	5804	1946	982	2436	4296	0	2533	2185	2440	1916	1863	645	2167	1967	1971	1040	1103
ENSG00000131437	1706	2557	2599	1867	3299	2747	1849	712	3258	2751	2519	2656	2942	3631	2359	2252	3260	7012	2660	4003	3335	2253	2893
ENSG00000131748	2724	1475	5757	859	4006	1303	2676	2587	4524	501	4275	2580	2053	1796	1115	3901	1296	9290	642	2764	1704	1709	4258
ENSG00000131771	1984	2457	2417	233	1939	2142	1902	480	336	749	3326	0	883	786	2409	345	475	9290	1801	0	1361	341	286
ENSG00000131788	4562	3604	2973	2090	831	3137	3895	2957	3547	2464	3430	2822	2221	2293	2786	3413	3004	3390	3193	2585	2175	2347	2257
ENSG00000131849	3555	3024	2695	2026	1510	1570	2463	1909	0	2070	0	0	1974	2142	1776	1592	0	478	2456	1594	1888	2034	1818
ENSG00000132139	1349	0	0	0	873	593	0	0	0	179	0	0	849	783	2743	0	0	942	0	0	0	0	0
ENSG00000132388	3621	1296	5225	856	3965	4614	3264	3690	3785	2235	3544	443	2625	2611	3715	3624	2709	8968	3856	3747	1617	2198	3791
ENSG00000132470	285	6353	1168	2453	1330	0	7357	2259	0	950	3697	2502	1949	3682	1060	3043	927	2921	2504	0	606	0	1042
ENSG00000132613	3283	37009	2079	0	1535	1473	6347	0	2590	0	3999	0	3550	0	0	1509	1371	0	2262	0	0	0	797
ENSG00000132793	4127	832	974	2466	2674	1989	1720	1876	1117	1586	2177	2950	3015	2109	2181	1919	2802	4275	2190	3294	2133	2278	1829
ENSG00000132801	399	415	2586	1492	2045	1696	1916	1726	2357	1832	1539	0	1801	1579	2068	1820	2226	2133	2874	1875	2653	1975	2639
ENSG00000132819	991	9819	7581	2396	3237	3066	9833	2639	1198	4560	4859	3489	3945	3692	7309	3780	3289	4520	4857	4172	4274	3415	3865
ENSG00000133247	1348	5137	1816	978	3344	2076	1915	2819	1625	3096	3842	0	1589	819	2676	3067	1228	3119	3126	832	1220	767	3234
ENSG00000133661	784	0	1766	1439	0	0	0	0	0	0	0	0	933	0	0	0	0	1602	0	0	0	0	0
ENSG00000134222	3103	5360	2649	2588	278	2002	4395	1677	3737	2494	3438	2020	2700	3374	1006	2999	3663	5195	5010	4295	2257	2949	4473
ENSG00000134365	0	0	0	0	0	0	0	1429	0	0	0	0	0	0	0	0	0	0	0	0	0	0	0
ENSG00000134538	0	0	0	0	0	0	0	3357	0	0	0	0	0	0	0	0	0	0	0	0	0	0	0
ENSG00000135094	0	3425	0	1054	0	0	1809	4659	0	1170	1294	0	1097	0	658	0	3179	2553	0	0	803	515	1039
ENSG00000135144	2430	860	0	0	2248	1655	4747	1129	1129	2053	0	0	969	1966	1083	0	0	2905	1058	0	0	0	0
ENSG00000135476	3706	3851	3301	1318	2495	2120	3774	1558	3262	3485	4261	1554	2044	2045	2432	2163	1184	2111	2938	302	1911	3669	3582
ENSG00000135637	3783	4359	2820	2088	1979	1919	3745	1732	2084	2180	2685	1263	2755	2023	2705	1804	1919	2705	2309	1658	1804	1966	2295
ENSG00000135837	3766	2990	4343	914	4071	4070	2502	3113	4161	4952	3051	4041	4109	2758	3755	3843	4246	20381	3999	4826	4620	3433	4280
ENSG00000136247	4441	3743	4422	0	2121	1888	4820	3260	2038	3735	2709	0	2560	1757	3453	2495	1858	9671	3554	3316	3214	2501	3421
ENSG00000136295	1698	6177	4224	306	1823	442	7319	4584	2589	2811	2376	0	1973	965	4859	1959	4077	3112	1322	772	4678	304	4778
ENSG00000136487	4969	5567	1668	2617	1746	0	0	0	0	0	1219	0	0	0	0	0	1867	0	0	0	0	0	0
ENSG00000136488	0	0	0	0	0	0	0	0	0	0	0	0	0	0	0	0	0	0	0	0	0	0	0
ENSG00000136717	4115	6135	733	3581	4935	4245	557	3065	1438	2320	2499	1355	2444	3702	495	4327	0	3914	5112	4170	2938	527	4987
ENSG00000136720	842	7441	9601	0	6733	912	8935	1280	2560	3130	2026	1616	2592	2166	2206	3057	1947	11290	4627	1226	2408	893	638
ENSG00000136866	1367	1546	1804	403	1192	3442	1447	3365	0	2493	2346	1534	1019	4425	4335	1595	1552	2197	4201	1771	1842	4233	636
ENSG00000136931	1451	5093	425	926	4839	1637	4669	0	0	0	3917	1722	0	0	0	733	3110	1999	0	0	0	0	0
ENSG00000136997	5944	5194	6340	3442	5277	5981	5224	3608	4495	3472	1966	389	3590	5390	6038	3508	3364	11447	3869	2538	1022	3536	3513
ENSG00000137841	0	0	5391	0	4648	3240	1942	0	2351	3783	4184	0	0	0	2063	2138	4183	5902	0	0	0	0	1429
ENSG00000137857	2043	2948	2109	1927	2485	833	2841	0	0	673	0	0	2802	1291	2828	0	0	3313	2090	0	1990	0	1944
ENSG00000137877	0	5690	9080	0	2566	0	3804	0	0	0	0	0	2834	0	734	0	1142	2983	1571	1030	734	0	914
ENSG00000138135	2190	2234	2553	2039	2074	2868	2126	1822	1197	1925	0	0	2187	2183	2473	2435	0	4907	2339	2978	2153	2952	2170
ENSG00000138834	2916	4482	3958	2222	2614	2316	2480	2641	2812	2781	3417	1562	2420	3059	2504	2371	2134	2909	2600	1606	2069	2745	3783
ENSG00000139405	1432	4958	2920	1809	2298	3010	2803	1972	2601	2220	2354	1684	2096	2258	2246	2043	2292	3202	3375	2464	1925	2253	2913
ENSG00000139410	1755	2893	2269	723	1401	1477	3329	4918	0	1282	2566	710	2528	5468	1704	2601	1372	5997	2721	2218	2346	2255	705
ENSG00000139547	1116	1585	0	0	0	0	0	0	0	0	0	0	913	0	0	0	0	0	0	0	429	0	0
ENSG00000139626	3149	1540	9572	0	1077	2459	2527	0	759	1355	0	0	1481	1427	0	0	3374	5400	1509	440	0	0	1464
ENSG00000139631	1785	1664	1665	1954	2105	2341	1798	2035	2293	1999	2230	1945	2126	2053	2098	1900	2529	3490	2819	2881	2223	2506	2144
ENSG00000139637	1115	2003	1222	1042	1233	1164	1658	1308	1434	1342	1341	934	1512	1225	1699	927	1584	3484	2347	669	1323	1375	1390
ENSG00000139651	1785	2421	1665	1954	943	2341	1798	2035	1013	1999	1164	1945	2126	1114	2098	1005	2529	3490	2819	2881	2223	2506	2144
ENSG00000139722	2394	3084	1907	0	2071	3837	2854	824	1782	596	2493	0	1704	827	972	729	1186	1428	734	2452	0	2023	2190
ENSG00000140157	2742	1464	2146	2189	1883	2370	1809	4083	2202	2271	1374	1453	2413	2634	2653	4152	1317	5824	2040	2380	4074	1975	2327
ENSG00000140326	2631	2212	6445	1767	1832	1687	3086	1957	2234	2066	1819	1263	1732	1703	2706	1897	1903	2279	2409	2536	1573	2022	2601
ENSG00000140368	1691	0	1143	1898	2374	2090	8809	6491	0	2861	11183	0	3208	1568	5921	2038	0	5639	3611	1652	4016	2501	2092
ENSG00000140391	4301	3636	3397	3018	2848	3999	2719	2935	3292	3572	5139	2239	2075	397	2005	2809	2246	4734	2720	2253	2972	2605	2284
ENSG00000140506	0	0	1844	0	0	0	0	0	0	0	2178	0	0	0	0	0	0	0	0	0	0	0	0
ENSG00000140553	2685	3474	6228	2098	4742	4179	3898	3666	6719	7440	3603	4644	6832	7061	3658	3676	7569	8634	7024	3624	6817	6689	7823
ENSG00000140564	1137	1110	5586	1823	7330	4489	6116	0	3403	3792	2621	0	6100	4934	1675	4329	2495	10133	7641	4906	5148	4054	5628
ENSG00000140740	2729	6176	2983	1994	2002	1954	2565	1781	1928	2056	664	1442	516	2222	3274	1668	1769	3354	3444	1844	1785	1772	3305
ENSG00000140743	2581	2335	2895	2379	3154	3604	2410	1974	281	3324	2302	1867	2258	2371	3788	2368	2829	7746	2638	2372	2557	1882	2697
ENSG00000140749	0	0	0	0	0	0	421	0	167	0	0	0	0	0	0	0	0	4001	375	0	650	0	0
ENSG00000140961	763	5719	2559	0	2793	1643	6421	2238	859	1780	742	1037	2418	2484	2297	2342	3030	2496	4800	1995	3326	2131	2626
ENSG00000140983	2247	3700	4415	947	1208	942	5538	1048	1574	1591	2082	289	1436	1586	1500	1529	2410	3076	2206	1315	1482	1486	1247
ENSG00000141140	1826	4761	3823	1959	2436	2490	2305	2501	2492	3213	2508	1508	2549	2298	2916	2322	2460	3149	2255	2213	2307	2301	3520
ENSG00000141258	2702	3007	2962	475	2837	2555	3485	2959	2993	2925	2860	0	2989	2870	3221	2858	2877	3166	3120	2969	2851	2818	3366
ENSG00000141279	0	1986	358	282	2015	1651	1893	1984	1928	1705	1762	0	1864	927	1757	1844	1103	4236	1745	1718	1727	1753	1813
ENSG00000141391	3132	1102	2841	1853	2587	2391	1898	1661	0	2762	1693	1976	1807	1701	1754	1696	3350	5195	2755	1886	2383	1605	3596
ENSG00000141433	4744	310	5441	4701	5025	4953	3891	0	0	0	0	0	0	0	6371	0	0	1626	5336	0	0	0	0
ENSG00000141524	5799	11339	3894	1482	7347	1878	8028	2501	4177	4159	3086	2941	1829	2019	2694	2476	3617	5395	4525	1904	1994	0	0
ENSG00000141744	3441	11384	3232	758	1963	1375	11159	862	0	1404	0	0	903	2569	3485	1558	2276	1209	601	0	1264	0	0
ENSG00000142102	2074	1930	1614	0	4496	1771	1063	1477	2530	1818	0	0	1315	2123	1728	1932	1529	2216	1777	1418	1223	761	1402
ENSG00000142178	5901	8367	5461	882	3560	2919	2552	0	1461	683	0	0	914	937	1076	4081	2255	1251	2797	1986	635	1035	1086
ENSG00000142208	2806	21959	8747	746	7757	886	14726	1309	2601	2345	2064	2035	2496	2262	661	1583	2071	7720	7568	604	2567	991	1657
ENSG00000142279	3560	9549	4242	1228	2822	2391	3921	1886	0	0	0	410	1996	2038	2117	2438	0	0	1513	2369	2123	2033	1314
ENSG00000142409	416	24940	826	595	2658	2679	601	3719	2748	2118	685	772	2541	2760	3909	705	1177	5706	595	3426	1463	899	3966
ENSG00000142511	1975	3565	611	0	0	0	0	0	0	0	1160	0	0	0	0	227	11507	1208	0	0	0	0	0
ENSG00000142733	2640	7188	3187	2370	2936	2925	4037	2767	3735	1478	3576	2819	408	3760	2855	2964	1513	7355	4023	2714	1068	3153	3007
ENSG00000142748	0	3346	1397	0	942	0	0	0	0	0	0	0	1868	0	1535	0	1371	0	0	0	610	0	1154
ENSG00000142765	0	2695	2926	0	2516	1741	3444	710	797	3684	0	2398	2890	0	3008	0	2785	3024	3091	0	3029	776	2446
ENSG00000142798	697	14370	1612	1216	1246	2985	5166	4620	0	1691	1792	1498	5153	2893	3255	394	2179	7172	10257	3247	3181	2832	5750
ENSG00000142949	2156	30139	10507	536	3160	5313	8495	3739	1703	0	7739	1448	4041	1962	5115	3800	1639	7394	7085	3749	1889	2265	2612
ENSG00000143126	1438	15364	3854	1002	3464	1204	3641	1523	2945	1191	2017	1157	1543	1684	1811	1624	4348	5473	2012	917	1343	1333	1544
ENSG00000143127	3173	964	0	280	0	0	2145	3480	0	0	294	0	479	2228	377	2953	0	311	3834	653	3969	328	3508
ENSG00000143536	0	0	1628	0	0	0	0	0	0	0	0	0	0	0	0	0	0	0	0	0	0	0	0
ENSG00000143740	2129	9199	2594	1830	2765	3399	4513	1568	1905	1914	2863	1319	2506	1306	1999	1643	1915	2133	2513	2053	2649	1769	1592
ENSG00000143761	3910	601	503	1249	2303	1663	1015	1559	1714	2018	2608	0	2138	1581	1412	986	2096	2745	4122	718	1867	1077	2068
ENSG00000143793	2755	4309	1553	2076	1980	1246	9603	1763	1720	3074	1823	0	2080	1699	1791	1861	1781	3147	2265	3155	2207	2131	2836
ENSG00000143816	2880	2531	1547	2802	4165	2777	2623	3417	0	0	5206	0	3269	3921	1554	2750	1899	2585	1590	3557	3909	1870	0
ENSG00000144035	0	553	1975	0	1289	0	0	756	0	0	880	3336	0	0	0	0	0	652	0	0	0	0	0
ENSG00000144045	1726	4002	2932	2772	2111	2020	2269	1914	2354	3267	2577	0	2233	1958	2368	2138	2029	3497	3690	1888	1953	2623	2664
ENSG00000144061	3558	3027	3534	1793	4240	7273	1864	3158	3162	2941	2147	2868	2201	1910	2243	2277	2366	6009	2188	1931	2369	2276	2154
ENSG00000144063	2412	1664	3292	1442	1866	1577	3673	3028	0	0	1311	0	3354	2813	1499	3409	0	1096	2486	1553	2977	3063	2306
ENSG00000144488	4165	1929	4430	1047	8519	0	9384	661	0	1465	0	0	859	1262	1053	0	1678	11294	2206	1406	918	1839	1290
ENSG00000144591	4959	6366	5716	2734	1116	2099	4185	747	206	303	1656	2214	4134	2061	2652	2654	1516	5771	4232	2323	3809	2757	2521
ENSG00000145088	1306	1727	1573	1819	2359	2477	1697	1792	2988	4175	1766	1878	2424	2742	2895	2400	2980	4716	2693	2904	1983	2265	3045
ENSG00000146054	2304	4291	4172	3992	4363	4346	4415	4655	4771	5224	5300	818	4035	4094	4244	4160	5467	5910	4384	4159	4351	4127	3931
ENSG00000146063	392	9763	3748	1735	4287	2120	347	1978	5656	4694	3095	3323	2371	3894	2754	1962	3619	3078	8172	3174	1893	3509	5103
ENSG00000146083	2387	10815	622	868	3182	2997	6349	2285	3146	3564	5169	3563	5285	3069	2695	3944	8589	5504	4643	3668	6425	280	2882
ENSG00000146576	3101	3526	2564	1109	2599	1874	3115	1529	1758	1686	3347	0	2685	2239	1269	1642	1612	1894	1941	1489	1815	1365	1601
ENSG00000146707	3240	1225	0	155	1439	0	1114	1538	1774	1114	335	0	1288	255	1155	449	1976	1839	613	685	782	147	1347
ENSG00000146757	1600	1889	2850	1613	2028	6136	2037	5205	6578	2020	306	0	2415	618	3141	2040	2148	10023	1123	2518	2634	564	4736
ENSG00000146904	1382	2887	3015	1912	4319	2189	3414	446	0	0	1010	1388	3070	392	1609	3005	1957	13845	2057	0	835	0	1843
ENSG00000147804	1762	3619	11156	0	10485	4239	4086	0	0	0	0	0	0	0	4023	0	638	2563	0	0	0	0	0
ENSG00000147813	0	4572	2801	0	0	0	3721	697	1283	1294	1895	0	0	1097	920	1128	1180	1966	1701	1357	963	1112	1199
ENSG00000148057	2910	3723	920	2110	4064	2808	3604	3629	3730	4187	2905	3455	781	1548	4591	3302	628	7684	652	717	3578	3733	4141
ENSG00000148386	3427	0	2446	358	1736	2414	802	0	0	0	2843	0	0	729	2491	0	0	0	1211	0	0	0	0
ENSG00000148660	2033	2671	2882	1716	1850	2272	1274	1480	2026	1609	2789	646	1682	1324	3123	3299	2606	4316	2236	953	906	1842	3302
ENSG00000149133	2430	0	0	408	0	0	0	0	0	0	0	0	0	0	0	0	0	0	0	0	0	0	0
ENSG00000149418	2080	7627	0	2738	3164	3400	3620	0	466	1520	1233	0	2971	913	1453	1080	0	1712	3875	0	2372	0	0
ENSG00000149451	3816	3117	2873	3911	5338	0	995	2620	0	0	2222	0	0	3173	5793	1336	1588	1644	3295	1660	0	2945	2751
ENSG00000149548	3236	1670	2045	1609	1829	3164	1844	2388	5691	2599	0	2635	572	2223	2665	2778	3224	5660	1843	3477	3361	3221	2580
ENSG00000149634	182	4273	3793	2037	2378	1951	3223	1974	2164	2248	2309	841	3311	2244	1978	1995	1321	3981	2129	2009	2156	1929	1994
ENSG00000149679	2237	3840	1649	0	4486	1276	10571	673	1807	1569	4814	1983	1453	1164	3859	1334	1853	5683	1109	1235	1893	513	2019
ENSG00000150873	2568	6427	5894	2539	5087	2150	880	2160	2999	1238	4202	3447	2759	756	901	2922	2934	11073	974	4546	2349	867	884
ENSG00000150967	2776	17050	4097	2514	2345	2109	9205	1592	2840	1909	3529	927	1984	1634	2314	1599	2839	3192	3164	2217	2272	2028	2498
ENSG00000151176	1150	3892	2857	2585	1265	1544	2619	2483	3775	2293	2154	0	3217	1893	1547	2306	3775	5469	2702	2247	1904	1883	2716
ENSG00000151364	3362	4049	3380	2307	3372	4830	3904	2168	1203	2363	3851	2068	1830	1632	3286	1765	3690	12694	1323	812	1207	1778	3685
ENSG00000151650	1735	4897	5982	0	3473	0	5179	0	0	0	0	0	1570	2995	3151	0	848	4622	0	0	0	0	0
ENSG00000151651	1695	4943	0	0	1330	0	12015	0	0	2393	0	0	1089	0	0	0	1938	0	0	0	1383	0	0
ENSG00000152475	1900	3564	3241	1178	1886	1515	3963	1740	2288	2696	2698	0	1863	2469	2432	1498	2326	2668	3256	1575	1501	1930	2201
ENSG00000152700	1930	6338	1906	1849	7936	6186	3565	3308	2915	4187	3581	1453	2149	1964	2550	3158	3292	5067	3004	2227	3238	2101	3157
ENSG00000153208	3920	3687	6330	2939	5258	3706	2947	4199	5173	2302	0	3542	4008	2392	2451	3928	3820	11609	2499	2101	1700	2665	2391
ENSG00000153303	949	2679	6640	0	0	0	0	0	0	0	0	543	0	0	1399	0	1067	0	0	0	0	0	0
ENSG00000153404	0	0	0	0	0	0	0	0	0	0	0	0	0	0	0	0	0	0	0	0	0	0	0
ENSG00000153575	1585	2022	1894	1512	1659	1586	1890	1950	1961	1955	1531	1820	1616	1425	2642	1548	1590	2140	1551	1849	2688	2123	1551
ENSG00000154252	2608	3548	2260	0	8266	0	1676	0	0	1670	1691	0	837	1775	4054	0	0	0	1245	0	1607	0	1389
ENSG00000154342	484	9199	5285	0	2971	3151	0	0	0	0	0	0	627	0	2687	0	690	5786	0	0	1719	0	0
ENSG00000154358	0	0	0	0	4483	531	4855	0	0	0	0	0	0	0	0	0	0	0	0	0	0	0	0
ENSG00000154370	4167	3358	4377	1627	2093	1546	3705	1514	1681	1965	1928	0	2621	2114	2030	1614	2247	3188	2770	1570	2022	2220	2183
ENSG00000154839	2438	2949	661	3329	3405	5503	1968	1891	4037	2964	3185	3457	3571	3375	3532	4556	5061	7172	4560	5329	5362	1287	19775
ENSG00000155034	3769	2658	2075	1506	2255	1886	2623	2113	2196	2463	2270	1789	1979	1832	2030	1866	2920	2181	1978	1508	1904	1708	1862
ENSG00000155249	0	0	0	0	0	7089	0	540	0	0	0	0	0	0	0	0	2028	0	0	0	0	0	0
ENSG00000155714	3977	0	2726	936	880	0	665	3954	157	1138	2224	770	1017	2123	1883	1527	1026	9905	2017	1353	837	1622	951
ENSG00000155719	2567	0	1249	0	432	0	1171	1870	216	0	652	0	2010	0	0	0	0	5264	0	0	910	0	0
ENSG00000156110	2239	3588	3271	2749	2069	3313	3529	1931	3415	5043	2697	2023	2371	2522	2065	2035	3338	3975	3585	2766	4369	2096	2206
ENSG00000157045	2998	3052	3184	1101	2281	3213	2948	1961	2964	2126	2199	0	2558	2068	1729	1761	1881	5858	2628	3049	1732	2069	2154
ENSG00000157833	3756	2991	6107	1047	5410	2282	5303	2061	1207	1583	0	0	1625	1543	2536	2199	3873	3913	2188	1819	1021	926	1460
ENSG00000158477	2823	0	3242	0	0	0	0	0	671	0	0	0	0	0	0	0	0	661	0	0	0	0	0
ENSG00000158525	586	3463	3800	3933	1379	3005	2867	0	0	2618	0	0	0	2375	3495	0	0	0	4090	2576	0	1219	1989
ENSG00000158710	2916	4891	4574	3738	2863	2942	4716	997	3169	1388	4535	0	2775	2732	5152	605	2781	2019	942	928	519	1244	3153
ENSG00000158792	1986	2400	1872	2407	788	2837	2847	2123	1315	554	3086	1377	467	3007	1220	2516	3215	790	559	2368	597	2374	2470
ENSG00000159197	0	1302	3533	2025	2049	2568	158	1359	2108	1046	2360	0	1507	784	1208	1561	906	15986	836	0	808	828	2032
ENSG00000159239	1556	3749	3405	2032	1709	2576	3717	2249	2915	3548	2957	1533	5441	1490	3116	2667	2077	6178	4075	2666	3304	518	3132
ENSG00000159307	7105	1883	508	0	1998	2015	3578	318	0	0	0	0	1475	1587	2201	1480	0	6049	0	0	0	0	0
ENSG00000159763	0	0	1432	0	0	0	0	0	0	0	0	0	0	4693	1533	0	0	0	0	0	0	0	0
ENSG00000159784	5592	2711	2897	578	3158	1707	3683	2085	1391	0	1466	0	1288	1434	2516	1441	0	5032	2604	1776	1689	1161	1182
ENSG00000159840	2340	3357	3372	0	2585	3106	2627	2255	3005	2955	3584	977	3232	3218	3080	1640	3019	1408	1456	1978	3738	1158	2732
ENSG00000160097	2535	6129	6637	1510	3493	2599	2664	1248	2414	748	1890	712	536	2752	3538	1227	0	1788	3168	2486	0	0	675
ENSG00000160117	0	2945	770	0	1590	985	3104	600	0	1982	1193	0	1647	1725	1840	1667	3176	2024	1830	2548	1332	1881	1468
ENSG00000160408	4864	7180	2550	1586	3481	1312	4588	1582	1789	4069	4127	0	1701	3094	2584	4010	3302	4239	2946	1489	1854	1241	2558
ENSG00000160471	1485	4000	3100	622	1538	1388	4956	1374	0	888	2996	0	2453	3040	979	1213	2006	1525	2284	1134	2308	1155	676
ENSG00000160472	0	538	1733	0	3603	0	6139	1479	0	0	508	0	0	685	3142	0	0	0	2723	1509	0	511	914
ENSG00000160570	1531	7890	5859	1283	1511	1661	3029	1221	1413	4266	1271	0	2387	1912	1892	1276	2351	2085	2480	1935	1942	2416	2905
ENSG00000160948	2826	5585	3026	2710	1631	1823	5461	1848	1799	2426	2078	0	2375	2738	2276	2418	2110	3891	3774	1569	2541	2208	2426
ENSG00000160949	3389	12203	2118	0	1871	1870	1627	1513	2832	2330	2108	0	851	1998	2220	1767	1536	2866	2235	1935	534	2064	2179
ENSG00000160957	2049	16933	2235	0	1540	1105	8692	1196	1909	1647	2781	0	1727	1568	2183	1413	1633	1487	1949	1002	1954	1627	1932
ENSG00000160972	0	2785	0	0	341	0	8180	0	0	0	0	0	0	0	0	0	0	0	0	0	0	0	0
ENSG00000160973	1209	8896	3910	0	7751	2182	7568	3299	3458	2113	3551	0	2422	2475	1995	2014	4883	3317	3698	3247	523	2454	2038
ENSG00000161103	0	0	0	0	0	0	0	0	0	0	0	0	0	0	0	0	0	0	0	0	0	0	0
ENSG00000161179	1637	3398	1822	1402	1486	1197	2225	1529	1542	2645	1012	0	1490	1104	1071	1121	5258	871	1625	765	1793	878	1313
ENSG00000161180	1637	3398	1822	1402	1486	1197	2225	1529	1542	2645	1012	0	1490	1104	1071	1121	5258	871	1625	765	1793	878	1313
ENSG00000161265	2105	3151	1498	798	1496	1145	1793	1632	1618	1936	2514	993	1936	1580	1897	1541	2479	1223	2643	1334	1909	1340	2310
ENSG00000161509	0	4565	3516	0	551	1465	4051	0	830	0	830	0	0	0	3242	213	840	4483	0	0	0	0	0
ENSG00000161526	1407	1569	886	1447	1197	1370	1698	1438	1447	1347	1141	1374	1532	1265	1638	1063	1614	3103	1548	1644	1212	1177	1653
ENSG00000161996	1459	7973	2703	0	1819	1905	8619	1278	1721	2130	2870	0	2209	2076	2242	1776	2410	3076	1750	1549	2281	1810	2201
ENSG00000161999	1177	6764	8961	0	664	0	13518	649	1089	975	1346	0	932	0	1048	645	979	1150	1603	0	955	936	1089
ENSG00000162004	3049	10092	4812	2693	2665	1300	5246	0	1637	2698	2227	0	2440	1549	1518	2348	2612	2195	2431	0	2186	2076	737
ENSG00000162006	1145	7020	2241	1473	1350	1119	6467	918	1352	1205	458	0	1586	1476	522	1330	1372	3391	2533	1186	1762	1500	1455
ENSG00000162032	1730	12210	1714	0	2175	1898	2853	1708	1858	1912	1245	0	2478	1734	1860	1877	1786	2428	1959	1889	1905	1952	1651
ENSG00000162244	0	7088	1227	0	1068	898	1179	2538	2394	706	3369	672	476	979	1778	1197	1238	13159	1650	2451	953	3619	3008
ENSG00000162409	1961	1702	2113	2096	2186	2410	1959	2795	0	1463	3514	1779	1684	3159	2353	2959	1681	3743	2744	2289	2086	3036	1987
ENSG00000162426	4029	7097	2352	1032	2644	1782	2355	1827	0	624	2570	0	1709	2849	8585	976	0	5194	2479	988	1612	772	1748
ENSG00000162551	533	5364	3720	392	2639	2278	6364	604	0	0	0	0	1124	1803	2031	1246	2116	1243	2635	992	1082	951	2912
ENSG00000162728	1082	3783	0	313	0	0	0	0	411	0	1662	0	317	0	1586	0	0	0	316	0	307	0	0
ENSG00000162729	2068	11653	4185	426	4174	1558	681	3758	4987	5362	6528	527	8252	3973	5676	3831	1835	10657	7874	2677	3645	1312	4012
ENSG00000162747	0	0	0	0	0	0	0	0	0	410	0	0	0	0	0	0	0	0	0	0	0	0	0
ENSG00000162881	0	1926	208	0	0	0	0	0	0	0	2916	0	0	1220	1291	0	638	2845	0	0	0	0	0
ENSG00000162882	1071	899	4775	1655	362	0	866	5533	0	5035	0	1313	3062	3098	7715	1116	4047	3513	1145	2753	1927	1660	1563
ENSG00000162910	2482	3422	1807	1571	1722	1844	2075	1666	1665	1796	2092	0	1966	1955	2105	1643	2092	2215	2011	1740	1973	1876	2009
ENSG00000162931	422	5167	4240	0	0	0	0	0	0	0	0	0	2487	0	0	0	1192	0	0	0	2739	0	0
ENSG00000162976	2751	3925	3770	3856	2172	1960	3546	993	1892	1940	1821	1421	1826	1900	2807	1985	2010	14884	2047	2229	1857	1993	1947
ENSG00000163050	2897	4874	3316	548	3606	3972	3371	2996	4421	4321	4415	0	4238	4032	2541	3354	4258	5830	3343	3341	3338	3310	4402
ENSG00000163202	0	0	0	0	0	0	0	419	0	0	0	0	1407	0	3727	0	0	0	0	0	386	0	0
ENSG00000163406	1307	0	0	1429	1249	4262	0	0	0	0	0	0	845	462	1162	0	0	0	0	0	5447	0	0
ENSG00000163435	0	5011	0	2082	1275	0	1129	557	0	1462	1049	1336	3438	0	0	0	0	0	0	0	897	0	0
ENSG00000163660	1872	213	2665	2127	2236	1708	2009	2012	2714	3469	2092	844	1736	2204	2230	1882	6533	1427	2292	1009	1820	0	1866
ENSG00000163931	2206	3374	1727	2348	5026	1335	2517	0	222	3492	3737	1768	2554	1834	1650	2360	5991	3241	1714	0	1693	1727	2668
ENSG00000163932	1058	6123	6244	1805	3242	1364	2306	1461	0	2780	4616	0	2400	2270	4380	3382	2319	1206	1553	2752	2800	2283	3299
ENSG00000164086	3491	19303	11684	1455	4043	2717	2000	2712	4947	3633	4134	2368	1291	2716	3617	2760	3433	3480	5916	2824	1199	3389	5054
ENSG00000164087	3892	3939	1974	2573	3358	2935	2055	2996	3260	3578	3176	747	1967	4435	3506	3318	3669	5578	3705	3492	2935	2415	3354
ENSG00000164088	2480	5975	3678	0	1925	3836	4635	1281	2357	3151	4517	0	2585	1408	3078	2759	1911	4359	3175	1495	2893	1667	2386
ENSG00000164091	2094	1328	752	0	515	2907	2778	2264	3490	2368	2809	0	3068	2284	3337	3177	3176	3648	3941	2622	3261	3102	322
ENSG00000164778	0	6539	1831	0	6950	7021	2186	674	0	0	0	0	2167	720	1204	2341	1907	12543	2716	3104	2934	875	598
ENSG00000164871	0	0	0	0	0	0	0	0	0	0	0	0	0	0	0	0	0	0	0	0	0	0	0
ENSG00000164889	3709	9663	7236	4209	3823	3344	6762	3046	3549	3867	5896	3196	4164	3475	3239	3432	4204	5393	3879	3540	4658	3505	4037
ENSG00000165125	4826	2729	3407	3161	2141	0	1490	0	0	0	0	0	514	0	339	0	0	12111	0	0	2504	0	0
ENSG00000165131	1433	2263	0	0	0	0	0	0	0	0	270	0	0	0	0	0	0	5768	0	0	0	0	0
ENSG00000165272	1753	2996	1947	2228	2649	794	2419	1081	3145	1790	1295	0	4015	2568	3806	1110	3103	2526	3213	1075	1167	1914	1001
ENSG00000165471	0	0	0	0	0	0	0	0	0	0	0	0	1319	0	0	0	0	0	0	0	0	0	0
ENSG00000165496	0	613	348	0	3696	0	0	0	0	0	0	0	0	0	0	0	0	0	0	0	0	0	0
ENSG00000165643	0	2181	2497	0	1232	0	3550	688	0	0	6667	0	1000	878	3694	963	1894	1078	0	0	210	0	0
ENSG00000165732	3419	3080	4437	3110	2997	2711	2340	1975	3136	2300	2797	861	1974	1939	2746	2068	2548	2523	2486	2483	2069	1942	2109
ENSG00000165762	0	0	0	0	0	3032	0	537	0	0	0	0	0	0	0	0	1024	0	0	0	0	0	0
ENSG00000165905	2511	3330	3136	3130	7468	1981	4480	1213	3612	2268	3241	3224	2010	1356	1811	2165	1992	8108	6384	2022	2832	2097	3218
ENSG00000166105	2683	1647	3203	2611	2114	1050	2682	1989	3264	1156	0	0	3355	1876	631	2009	0	4982	2059	0	2222	0	1111
ENSG00000166183	0	3594	4208	1632	0	0	4264	705	0	0	0	0	0	0	0	1363	0	4486	0	0	0	0	0
ENSG00000166351	0	0	0	0	0	0	0	0	0	0	0	0	0	0	0	0	0	0	0	0	0	0	0
ENSG00000166507	1031	1132	254	0	1941	1685	1326	1821	2080	1259	1110	0	2218	1252	1090	694	1868	1331	1121	0	1314	1236	2125
ENSG00000166578	4525	3499	2097	474	3386	2779	2024	3139	3727	4098	2916	1482	3000	2808	3012	3842	2965	3716	2945	1323	3317	2889	3722
ENSG00000166669	2569	2289	2795	1486	877	2785	2612	5508	2377	1912	0	1692	1151	767	547	745	2394	8624	1963	1249	2429	2375	2990
ENSG00000166963	3405	3955	3624	3840	890	2977	2531	2310	3653	2836	4100	2211	3013	1440	3350	3563	4320	35868	3496	3025	2051	4034	11327
ENSG00000166965	4239	4684	2538	1061	3527	0	3734	2493	1967	2970	5242	401	3568	3382	3690	3616	1763	3713	4545	3464	692	843	521
ENSG00000167074	3935	4861	5625	2009	2652	2348	3628	2222	3012	2975	2687	1701	3020	3667	3635	2942	4025	4945	2792	2871	1848	2780	3391
ENSG00000167136	2675	4446	6148	1715	1146	0	4025	1810	2050	2139	3661	707	1966	2198	1922	1731	3915	4801	1851	2866	2414	1847	1808
ENSG00000167419	2256	1747	1598	1741	1818	1788	1965	2855	2471	2767	2338	1720	1926	1790	1900	1882	2596	7892	2606	3016	2522	2362	4052
ENSG00000167608	395	3285	2903	0	336	0	1239	514	1800	612	274	0	992	575	938	461	1178	5054	454	916	814	1024	972
ENSG00000167619	2525	2432	3993	0	2619	2174	2194	1352	913	484	1346	0	757	1606	1279	436	3292	2649	782	0	237	0	0
ENSG00000167625	1531	6543	5859	1283	1511	1661	3029	1221	1413	4266	1271	0	2387	1912	1892	1276	2351	2085	2480	1935	1942	2416	2905
ENSG00000167633	1662	0	1026	0	0	0	0	0	0	0	0	0	0	0	0	0	0	2191	0	0	0	0	0
ENSG00000167685	4029	2370	4411	991	2401	2650	2804	4195	3442	2186	902	1435	261	2518	2622	2348	1008	8444	3041	2440	243	2732	2240
ENSG00000167700	2263	13427	7566	0	1920	1565	5097	1637	2665	2567	3197	0	1679	2068	2533	1740	2533	2919	3317	2035	1827	1882	2254
ENSG00000167701	887	13427	3071	0	0	0	8180	0	0	633	0	0	198	0	2533	798	0	841	0	0	0	501	0
ENSG00000167702	1888	12395	9376	0	2602	2802	13299	2286	2298	1679	3990	0	6575	2975	5370	2375	5810	1499	4232	2250	3951	2994	3148
ENSG00000167711	0	5540	4736	0	1257	0	0	0	0	0	0	0	0	0	0	0	0	0	0	0	0	0	0
ENSG00000167716	1730	6563	5120	1892	5013	4031	5420	2124	2834	2662	3870	0	3572	1389	2536	2506	6365	5147	2757	2357	1284	2260	2495
ENSG00000167778	3162	6998	3205	1532	2509	1761	3244	2491	2683	1783	2905	2411	2640	2441	2894	1632	2791	2939	2667	2915	2703	1370	4398
ENSG00000167779	3314	4281	2713	3642	3134	1542	707	632	882	676	3559	631	3444	685	4207	3479	1641	3757	1107	2944	3081	3560	3527
ENSG00000167780	3314	2203	922	3642	3134	1542	5600	3723	2529	2380	4258	1968	3444	3260	2182	3479	3459	3757	3445	2944	3081	3560	3527
ENSG00000167825	0	0	0	0	0	0	0	0	0	0	0	0	0	0	0	0	0	0	0	0	0	0	0
ENSG00000167895	2228	11339	3894	1311	7347	1878	8028	2501	4177	4159	2422	0	1829	2019	905	2476	3617	5395	4525	1904	1261	0	0
ENSG00000167945	223	677	2337	0	1318	0	0	0	0	0	0	0	0	0	0	0	0	0	0	0	0	0	0
ENSG00000168140	2252	11935	2250	0	2309	4159	2829	0	0	578	0	0	3453	0	0	0	1852	0	3957	0	0	0	0
ENSG00000168148	0	0	0	0	0	0	0	0	0	0	0	0	0	0	0	0	1037	0	0	0	0	0	0
ENSG00000168159	2844	3072	5186	1215	2374	2261	3076	1787	2835	711	3093	1175	2208	2521	3200	2009	2978	6635	2441	3146	2590	2545	2913
ENSG00000168237	2894	5089	4560	1909	1338	1188	2604	2741	2454	2380	2662	1838	1871	2343	2722	1795	2450	2310	2727	1811	2329	1301	2611
ENSG00000168263	0	0	0	0	0	0	0	0	0	0	0	0	0	0	0	0	0	0	0	0	0	0	0
ENSG00000168427	1155	3192	3790	0	4971	0	9475	948	0	1165	2245	974	0	2532	3352	0	3370	3355	0	2831	0	833	1204
ENSG00000168453	535	9301	3558	0	1383	0	6371	3337	641	0	3952	289	3892	4223	545	0	954	2305	6094	457	3968	2335	2452
ENSG00000168612	1031	1966	1110	683	1019	0	243	1491	1228	1841	1166	371	1198	838	801	428	1085	884	432	773	764	500	714
ENSG00000168884	1799	4208	5174	2576	4734	2269	2503	974	2662	1732	2566	844	901	2429	2560	583	4260	1890	2253	1116	1613	1716	1754
ENSG00000168925	4261	7137	1618	0	2866	0	3907	0	3306	3210	0	0	0	2754	2977	0	3659	2175	0	0	0	405	0
ENSG00000168928	0	0	0	833	2678	0	0	0	0	0	0	0	0	1186	2718	0	0	0	0	0	0	0	0
ENSG00000168970	1983	5463	1896	1534	1661	1608	1359	1311	1654	1703	2491	1265	1697	1493	2453	1853	2007	1785	1514	1447	1338	1769	2574
ENSG00000169397	0	0	0	0	0	0	0	0	0	0	0	0	0	0	0	0	0	2173	0	0	0	0	0
ENSG00000169926	5352	30793	631	0	3963	5037	8905	3840	3848	6314	3442	0	4169	3859	3379	3993	6270	3561	4246	4334	4701	3793	3893
ENSG00000169989	2590	1984	1960	1769	2573	3200	2586	1961	2883	2653	2077	2377	2271	2769	2691	2104	2867	4400	3055	2447	2063	2932	2909
ENSG00000170074	0	0	0	0	0	0	0	0	0	0	0	0	200	0	0	0	0	0	0	0	0	0	0
ENSG00000170113	1142	7774	3494	2425	2580	2290	4313	3575	3977	1997	2126	475	1792	2305	2570	2942	817	4034	2197	2973	2637	1851	3234
ENSG00000170178	1778	3823	1531	0	3738	3805	4689	2142	7267	1754	1856	1517	1860	3930	4406	1122	2072	5738	3817	1398	221	1354	2651
ENSG00000170374	4590	0	3411	666	2057	0	5932	0	0	0	0	0	0	0	9025	0	3497	3595	0	0	0	0	1029
ENSG00000170549	861	1347	2404	1688	3391	5764	2002	0	5473	0	0	0	1951	0	0	0	0	0	1329	8947	1902	0	0
ENSG00000170616	2838	3535	3154	0	2534	1906	5682	1539	0	0	723	0	0	1225	2082	508	1887	0	561	0	0	0	0
ENSG00000170727	2453	7061	1400	0	2245	2009	3746	1786	1820	2066	2086	0	2095	2257	2222	1906	2152	2668	2379	2057	2179	2153	2167
ENSG00000170848	0	0	1171	0	0	0	1242	0	0	0	0	0	625	0	0	0	0	0	1143	0	266	0	1098
ENSG00000170889	934	10781	704	1074	1089	892	1865	1290	1905	2028	1653	0	190	1369	2528	1263	1783	2189	2458	1763	663	1839	2738
ENSG00000170906	0	897	3339	1558	1084	1265	1845	3804	4306	1448	1564	774	1485	1328	1447	667	1238	4108	3412	1318	1629	1315	651
ENSG00000170954	3191	2573	1721	1862	2032	1829	1602	1493	2301	1007	0	0	1523	2014	1671	1242	0	1748	1643	1625	1681	1575	1806
ENSG00000171060	2365	0	4444	0	1201	0	2854	0	0	0	2765	0	0	0	683	681	1170	0	0	0	0	0	0
ENSG00000171130	1701	4139	4375	1934	2891	2496	3793	2440	2465	2458	0	2798	2866	2666	2209	2431	3417	4219	3788	2615	2490	2812	3432
ENSG00000171551	2574	3331	5980	0	2806	2970	7728	0	0	0	0	0	0	0	0	0	0	0	0	0	0	0	0
ENSG00000171574	2527	3793	3760	2158	2136	1834	3117	1829	3010	2602	3460	2506	2220	2868	2916	2563	3125	2966	2146	2466	2009	2465	3558
ENSG00000171722	269	0	0	0	0	0	0	0	0	0	3080	0	2130	0	0	0	4553	11083	0	0	1173	0	0
ENSG00000171772	0	0	4476	0	0	0	0	0	0	0	0	0	0	0	0	0	0	0	0	0	0	0	0
ENSG00000171858	2505	2658	1942	0	1759	0	2005	1227	1618	2263	2327	0	1420	1635	1446	882	1817	2010	2242	0	1979	1362	2006
ENSG00000172123	0	3593	1017	2431	2213	0	3558	3210	0	2743	2224	0	3433	2783	5343	2278	0	2130	3304	3187	2385	5028	3195
ENSG00000172188	0	0	0	0	0	0	0	0	0	0	0	0	0	0	0	0	0	0	0	0	0	0	0
ENSG00000172346	3950	8344	3319	3579	1088	2594	4083	945	0	0	0	1425	2053	1915	3695	653	3698	2987	3280	1122	0	2168	4070
ENSG00000172366	1090	3633	3198	2006	3352	2597	6195	1635	1736	1800	1557	0	1717	1638	3127	1437	1492	1953	1646	1372	1424	1486	1557
ENSG00000172531	835	12853	4097	1018	1637	3067	4899	1153	1086	1208	2858	0	401	1089	1436	1170	4011	4457	1827	1242	1855	1180	1466
ENSG00000172716	2146	788	1544	1162	1718	1512	1618	5239	3880	2158	979	0	1596	2274	2089	524	0	5215	516	5248	2059	691	2177
ENSG00000172819	5724	6936	9572	773	9086	5825	7076	3846	1942	4547	4284	2088	7079	5146	4863	6609	8176	9068	7161	777	6959	3937	7080
ENSG00000173137	2674	2199	4573	2706	232	2908	3941	2191	197	2502	3166	1818	3457	3092	2818	2682	6178	6120	3342	2829	534	2907	250
ENSG00000173226	1306	1727	1573	1819	2359	2477	1697	1792	2988	4175	1766	1878	2424	2742	2895	2400	2980	4716	2693	2904	1983	2265	3045
ENSG00000173230	2027	1783	2226	2196	2132	2448	1788	1343	2444	2687	2084	1748	2309	2420	2751	2241	2479	5784	2064	2079	2003	1963	2295
ENSG00000173262	3523	3593	1372	1435	3252	5511	2837	2474	0	0	1466	0	1807	878	2104	552	2260	4648	1700	1950	2354	788	2870
ENSG00000173267	1042	11267	11244	0	8535	1130	8982	1234	0	0	3191	0	4431	2479	2239	3355	7703	10006	2227	2985	1124	995	3425
ENSG00000173269	0	11267	11244	0	8535	1130	8982	3697	0	678	3191	423	4431	2479	2239	3355	7703	10006	4958	2985	1124	2235	3425
ENSG00000173366	0	3072	0	0	0	0	0	0	0	0	0	0	0	0	0	0	0	0	0	0	0	0	0
ENSG00000173566	752	6697	3118	2457	4779	3211	6217	3041	5094	3408	2376	0	1988	4216	2272	1400	4262	1216	2632	2132	2356	2158	4725
ENSG00000173588	3607	1641	1645	1510	2387	3257	2029	2848	2393	2743	2345	1786	2103	2203	2186	3482	3426	4124	1954	3443	2238	2686	2232
ENSG00000173638	1085	8961	6667	0	4311	1697	4445	0	2434	3018	2851	0	3054	2552	2744	4761	3525	3470	2927	3122	1663	1791	2263
ENSG00000173641	675	2913	6444	0	2011	0	16842	0	0	0	0	0	756	1119	4634	0	1183	2588	960	2687	924	2956	3404
ENSG00000173838	1178	1740	3148	1454	2462	2525	1295	11163	0	0	0	0	4463	3590	2663	2065	0	3662	2554	0	0	0	3552
ENSG00000173991	3441	11384	3232	635	0	0	11159	0	0	0	0	0	0	2569	3485	0	0	717	0	0	0	0	0
ENSG00000174279	0	4595	2500	0	4580	4531	1549	4013	5893	601	0	2945	1122	1376	4641	438	640	2287	1368	609	230	0	649
ENSG00000174348	2958	3486	2372	2105	2183	801	3727	0	0	0	0	0	1230	1434	2299	2178	0	0	3641	1421	0	1609	3844
ENSG00000174586	1966	2200	3349	2811	2914	2073	2908	1923	1885	1675	1909	1282	1877	2144	2202	1545	1984	5045	1921	1755	1960	1794	1708
ENSG00000174827	2372	8882	992	1997	1168	0	1596	3053	0	864	0	1848	2503	1561	1830	0	0	4427	2209	0	1420	1076	2286
ENSG00000174950	1790	4555	0	0	1193	0	3983	0	0	0	0	0	386	0	0	0	1018	1748	0	0	770	0	0
ENSG00000174970	0	0	0	0	0	6063	0	0	0	0	0	0	0	0	0	0	0	0	0	0	0	0	0
ENSG00000174982	0	0	0	0	0	0	0	0	0	0	0	0	0	0	0	0	0	0	0	0	0	0	0
ENSG00000175084	2634	6076	2977	541	5461	0	4577	0	0	0	1601	0	718	2916	4387	0	3506	3187	2942	1093	676	0	1656
ENSG00000175265	0	1426	1036	577	1226	5843	0	1441	0	858	1373	0	913	1029	1252	1732	2044	787	360	2092	904	1505	538
ENSG00000175267	1452	0	3656	711	1096	878	1994	0	0	0	0	0	0	0	848	0	0	288	450	566	0	0	1757
ENSG00000175463	835	12853	4097	1018	1637	3067	4899	1153	1086	1208	2858	0	401	1089	1436	1170	4011	4457	1827	1242	1855	1180	1466
ENSG00000175567	3790	3650	5018	2921	4496	7811	2247	3029	3156	4395	3591	1119	2866	3176	2328	2917	3059	5808	4246	2718	1446	2394	2365
ENSG00000175920	746	3279	4160	0	3062	0	7833	0	0	0	1208	0	1189	766	2835	0	0	0	0	0	0	0	0
ENSG00000176281	0	0	0	0	0	0	0	0	0	0	0	0	0	0	0	0	2758	0	0	0	0	0	0
ENSG00000176454	3106	3629	3530	1808	2938	2458	3504	2471	2993	6001	3651	2183	2612	3390	3081	3342	2386	5732	3221	3131	2074	2632	3402
ENSG00000176605	205	0	0	0	0	0	0	0	0	0	0	0	0	0	0	0	0	0	0	0	0	0	0
ENSG00000176920	5196	3230	4011	2801	1316	2019	2700	0	0	452	352	0	726	1056	1320	2851	0	2724	3904	585	1367	546	712
ENSG00000177023	0	0	273	0	0	0	0	0	0	0	0	0	0	0	0	0	0	0	0	0	0	0	0
ENSG00000177082	869	2056	3302	1664	1474	939	1988	1528	2462	1784	2177	1098	1933	1254	1129	1671	1456	2454	2249	1611	1722	2000	1462
ENSG00000177243	0	0	0	0	0	0	0	0	0	0	0	0	0	0	0	0	0	0	0	0	0	0	0
ENSG00000177257	0	0	0	0	0	0	0	0	0	0	0	0	0	0	0	0	0	0	0	0	0	0	0
ENSG00000177303	3182	6808	5031	2355	2960	2665	4200	2609	3278	4119	3819	2761	3573	3280	3103	2615	2718	10696	5161	3218	3081	2725	3297
ENSG00000177728	2325	6925	2523	2628	1794	3247	2522	4135	1346	2044	1487	2129	823	635	1310	2376	2606	10033	2419	2628	1479	2509	2418
ENSG00000177807	2502	3376	2830	1892	1340	1911	3094	2393	2960	2547	0	1825	1298	1254	1545	1383	886	2831	3119	1737	1102	609	1871
ENSG00000177990	389	268	1869	1770	2618	1912	2140	2305	0	1246	0	0	1583	2749	2294	2022	0	4930	3034	4384	1856	2441	1806
ENSG00000178038	2505	7661	4495	2562	2928	1252	4900	3639	2621	1491	2112	0	1401	1878	5116	3027	1510	3200	3913	1310	1816	1143	4989
ENSG00000178209	4904	28246	5028	1916	7025	5458	15712	3956	2622	6415	4523	0	2885	1943	4671	3155	6585	5714	5505	3089	3760	1446	2757
ENSG00000178685	1832	3104	2462	490	3298	905	10019	2399	1536	1870	1573	1464	1784	2065	1674	2046	2494	1764	2093	2125	1308	2497	1985
ENSG00000178719	1832	3104	2462	490	3298	905	10019	2399	1536	1870	1573	554	1784	2065	1674	2046	2494	1764	2093	2125	1308	2497	1985
ENSG00000178752	2401	7678	1685	1973	3347	0	1800	544	0	0	306	0	318	2970	4835	1876	3093	2634	3963	542	895	0	1388
ENSG00000178814	1184	3833	2206	1170	4230	0	1788	1187	1571	897	1001	2929	768	2868	2559	1009	1515	1462	1312	988	713	950	1163
ENSG00000178852	2151	2528	2169	2303	2788	1875	2218	2933	2805	3101	2975	1678	2291	2379	3229	2783	4083	3713	3707	2215	2829	2197	2380
ENSG00000178896	1981	10332	4734	3271	1527	1501	1499	1447	2116	1089	2291	0	1379	579	645	435	2114	2443	1650	788	1507	1029	1652
ENSG00000178935	1503	533	1345	898	946	1264	2745	1444	2002	1484	1278	0	1758	1792	986	1819	2405	3383	1772	2069	1874	2326	1886
ENSG00000179059	0	1915	2071	1519	0	0	843	1361	0	0	0	0	0	0	0	0	0	0	323	0	0	0	0
ENSG00000179091	1553	4215	1880	1628	2100	1318	4864	1155	1484	2640	2487	0	1246	1422	1533	1208	1241	3658	1663	1252	1301	1376	1841
ENSG00000179119	5222	2577	167	2103	2932	3910	272	1703	2758	1849	1898	1983	2620	1938	2302	3413	2582	4474	2456	2322	2001	1975	2026
ENSG00000179172	0	0	0	0	0	860	0	0	0	0	0	0	0	0	0	0	0	0	0	1245	779	0	0
ENSG00000179348	6363	12379	5198	457	7273	4048	2933	3388	2046	1085	3653	3620	3947	4721	5998	3520	1906	13570	4934	3955	1912	3608	4114
ENSG00000179364	1991	7690	5257	1855	4346	2146	6320	2257	2255	2556	2999	0	2732	3558	2273	2900	2602	4606	5198	2471	2561	3242	2068
ENSG00000179407	193	2077	0	0	0	0	3508	0	0	0	0	0	0	0	0	0	513	0	0	0	0	0	0
ENSG00000179526	1809	6555	563	1941	2172	1806	4162	2120	2071	2569	3088	0	2866	2425	1955	2319	2175	2649	2697	2607	2785	3414	3200
ENSG00000179528	2409	5155	7607	2763	6125	2263	3122	5372	4948	2001	5257	3331	1631	2026	3383	1872	4949	4138	3217	2024	1660	2321	2190
ENSG00000179627	1928	21959	8747	746	7757	1850	14726	1309	2601	2345	2064	2035	2496	825	2144	1583	2071	7720	7568	3249	2567	996	1657
ENSG00000179632	1809	6555	2309	1941	2172	1806	3690	2120	2071	2569	3088	0	2866	2425	1955	2319	2175	2649	2697	2607	2785	3414	3200
ENSG00000179698	1809	6555	563	1941	2172	1806	4162	2120	2071	2569	3088	0	2866	2425	1955	2319	2175	2649	2697	2607	2785	3414	3200
ENSG00000179832	0	1278	0	0	825	0	0	0	0	0	0	0	0	0	374	0	0	0	0	0	0	0	0
ENSG00000179886	982	8309	5730	0	2105	1507	2593	1579	1999	2102	4022	0	2736	2449	1905	1334	2135	2183	3400	960	1764	1612	2319
ENSG00000180043	3532	2022	3331	916	2067	0	0	0	0	0	0	0	0	0	3882	0	0	0	3313	0	0	0	0
ENSG00000180185	3575	5776	5603	2174	2097	2171	2521	2259	2334	2439	3819	0	253	2095	2268	2023	2039	2665	2633	2062	2490	2172	2792
ENSG00000180592	1217	3154	5178	1905	1465	1078	3684	18029	2360	4653	3038	2618	7111	13419	8002	6991	11594	14219	15195	8029	21291	6903	7021
ENSG00000181009	864	0	263	0	0	0	0	0	0	0	0	0	0	0	0	0	0	0	0	0	0	0	0
ENSG00000181019	4175	5054	1065	2495	3225	2384	2099	1648	6003	3253	4098	0	2268	2451	4041	969	4320	7193	2003	2910	2909	1261	2629
ENSG00000181218	629	2597	2847	2700	2935	3314	2821	1833	0	3249	3388	0	2919	2758	2442	2880	2809	4928	2898	3506	2774	3102	3288
ENSG00000181374	0	0	1653	0	0	0	3455	0	0	0	0	0	0	0	0	0	0	6220	0	0	0	0	0
ENSG00000181444	3709	5699	7431	1067	1449	2254	12020	2731	2720	2829	1720	0	3575	2162	3301	1024	3365	6675	3144	2947	3871	1324	1905
ENSG00000181585	1753	559	2051	0	2255	1767	3891	3639	232	0	0	0	518	1006	2208	486	0	3753	691	0	1816	0	4989
ENSG00000181588	0	3248	978	0	563	1981	2590	0	1723	243	1389	0	2899	404	413	429	2182	3829	1692	394	789	281	1396
ENSG00000181773	2824	4017	1986	2033	3039	1701	4964	1717	0	2335	5193	0	2449	1839	1875	949	2131	3032	4182	1847	2418	2332	2589
ENSG00000181785	1914	0	0	0	0	1272	0	0	0	0	0	0	0	0	0	0	0	0	0	0	0	0	0
ENSG00000181903	0	0	0	0	1173	0	0	0	0	0	0	0	0	0	0	0	0	0	0	0	0	0	0
ENSG00000181927	0	0	0	0	0	0	0	0	0	0	0	0	0	0	0	0	0	0	0	0	0	0	0
ENSG00000182077	236	0	0	0	0	0	0	0	0	0	0	0	0	0	0	0	0	4933	0	0	0	0	0
ENSG00000182173	3182	6808	5031	2355	2960	2665	4200	2609	3278	4119	3819	2761	3573	3280	3103	2615	2718	10696	5161	3218	3081	2725	3297
ENSG00000182196	2522	17050	2173	1089	1802	1618	9205	1592	1785	1909	1795	927	1925	1634	2191	1599	1952	2627	2414	1537	2272	1801	2498
ENSG00000182199	2081	3236	3628	1863	2338	1353	1975	1195	1738	3027	2841	936	1234	1960	3066	868	4001	3155	992	1509	1421	1547	2052
ENSG00000182218	5249	13384	2485	1123	1918	0	3242	1154	0	0	0	0	890	197	2302	1279	0	4600	3007	1378	1115	1803	2654
ENSG00000182318	1274	3428	2726	1399	1559	1388	1580	1506	2498	3281	2583	1124	2290	1455	1908	1827	1584	4214	1424	1427	2265	1941	2196
ENSG00000182325	2986	6121	2239	0	1766	1677	7046	1638	2316	2393	4029	0	1862	1877	1825	1966	1944	2224	2190	2021	1914	1741	1871
ENSG00000182379	0	2991	2651	0	1588	1305	5435	933	1848	2589	6732	0	1913	1607	1689	1346	1646	2022	0	1676	886	0	0
ENSG00000182511	2526	6867	2309	2526	4604	2106	3729	0	0	3400	2943	0	693	3688	3361	2472	2579	2923	3506	3118	1172	2946	3726
ENSG00000182544	2394	4089	2827	1684	262	2038	2873	1782	2112	2048	2555	1517	1939	1820	3109	1887	466	1726	1885	2219	2474	1947	2056
ENSG00000182809	2960	15635	5730	790	2907	2251	7652	2060	0	0	3257	0	3400	2950	3180	2738	1539	5851	3542	2724	2064	3105	3060
ENSG00000182824	247	0	0	0	0	0	0	0	0	0	0	0	0	0	0	0	0	0	0	0	0	0	0
ENSG00000182871	2597	34582	5679	0	3255	2053	5482	422	0	0	0	0	3568	2511	2738	3083	2172	2861	4031	2135	3967	2249	1729
ENSG00000182979	1056	15635	1487	1078	1875	1505	5216	812	2410	2330	1826	0	799	1254	2159	1557	1465	2051	1749	689	797	1149	833
ENSG00000183628	1506	5190	1961	1155	5076	2798	3090	1398	2805	1621	1468	0	1538	2423	1694	1623	3113	7056	1764	1619	1517	1452	2012
ENSG00000183631	278	0	723	0	0	0	0	0	0	0	0	0	0	0	0	0	0	0	0	0	0	0	0
ENSG00000183655	5091	4235	5008	3205	3435	3228	3876	2120	2919	3630	2912	1186	2790	2838	3953	2530	1511	3401	4462	2058	2857	2924	3044
ENSG00000183668	0	0	0	0	0	0	340	606	0	0	0	0	1045	0	0	0	0	0	434	0	0	454	0
ENSG00000183718	2489	8555	3072	2315	1823	1647	3706	2199	2525	2857	3286	1515	2836	2225	2019	2590	3164	2974	2885	2053	3184	2281	2822
ENSG00000183741	2480	3940	4108	1438	4004	2800	3513	3033	2103	4588	3920	380	3367	2500	2986	3755	3853	3093	3869	2962	2675	3107	3789
ENSG00000183814	516	2618	2197	2434	3209	8712	2696	3021	4244	3380	3456	2046	3216	3382	2567	3496	4433	1976	3966	3574	3540	6053	5635
ENSG00000183828	1225	4618	3250	0	3189	0	5018	0	472	1074	2671	0	715	2922	2633	1364	1215	4202	1453	1078	2704	714	808
ENSG00000183864	4805	8080	3936	0	5524	2706	5542	5512	5681	5712	3761	0	5714	5527	5483	3785	5605	6593	5564	2647	5710	5570	5621
ENSG00000183888	0	546	1869	0	946	0	0	0	0	2751	0	0	0	0	0	0	2209	10493	0	0	0	0	0
ENSG00000183921	3355	814	459	2024	1000	1055	887	645	0	0	1577	0	587	0	0	0	0	3787	0	0	0	0	0
ENSG00000184058	0	6454	0	0	2406	0	13151	924	0	980	0	0	1962	0	2545	0	456	3141	8949	1309	1746	0	0
ENSG00000184160	0	5988	3649	0	1993	1604	7676	434	0	0	0	0	2527	2544	2586	0	0	0	1184	312	363	301	353
ENSG00000184508	2685	3474	6228	2098	4742	4179	2522	1946	6719	7440	3492	4644	6832	7061	3658	3676	7569	8634	7024	3624	6817	6689	7823
ENSG00000184584	929	3012	3480	1813	2552	0	2654	2259	1876	2395	1370	1045	2835	666	758	715	2976	3672	891	2369	857	892	739
ENSG00000184702	1774	3436	3974	0	2141	2254	8408	1359	2594	1357	1003	360	1719	1719	1949	1741	2940	4789	7227	2488	2045	1466	1290
ENSG00000184887	2606	3688	2274	0	867	0	3069	1268	1422	1433	1119	0	1566	1192	2065	1283	0	2446	2888	1128	2023	1448	1568
ENSG00000184897	2799	5207	6733	0	3411	3140	2973	2454	3929	4052	3025	682	3437	4116	3270	2770	2839	3639	4662	3162	2697	3744	4239
ENSG00000184908	2646	1492	1270	1117	3837	2710	3056	532	0	0	804	0	847	958	1810	1460	2275	2414	1813	797	416	370	669
ENSG00000184916	3449	4989	3549	0	4812	1063	12000	1765	0	0	1372	0	497	1720	0	2498	2944	0	0	0	0	0	0
ENSG00000184979	1218	3009	1724	1364	7260	1959	3038	2007	5147	1283	2909	1982	2713	1771	2498	2948	1660	9978	2955	2763	2893	2135	4582
ENSG00000184986	4995	6987	8451	0	4196	2798	6046	3797	1735	3318	3812	0	3441	3784	3826	3883	2469	4467	3814	3263	3659	2024	3627
ENSG00000184990	1490	1355	832	312	1649	2516	2746	1482	1840	1983	629	0	1724	1202	2446	1805	1133	4437	2345	1488	1885	1878	4631
ENSG00000185000	1839	4194	1974	466	2754	1847	3002	1543	1575	1969	2573	452	1955	2226	1686	1982	1688	4659	1867	2321	2077	1951	2033
ENSG00000185024	2606	7690	5257	1855	4346	2146	6320	2257	2233	2556	2999	0	2732	3558	2273	2900	2735	4606	5198	2471	2561	2118	2068
ENSG00000185100	791	4937	3068	0	2885	2021	8780	0	2280	1301	2502	0	0	440	1629	975	2550	5419	2316	0	2338	919	4631
ENSG00000185122	2453	7061	2513	0	2245	2009	14952	1786	1820	2066	2086	0	2095	2257	2222	1906	2152	2668	2379	2057	2179	2153	2167
ENSG00000185304	1232	0	210	462	1704	0	0	0	0	0	0	0	0	0	0	0	333	0	0	0	0	0	0
ENSG00000185347	2328	21303	9285	0	2262	2974	13896	2297	3140	2740	4663	0	367	1908	2770	575	2847	7155	572	1965	469	886	2524
ENSG00000185561	677	2462	2751	0	2079	1376	4022	821	0	1465	3870	0	793	1023	255	1306	6365	914	1686	0	1097	0	0
ENSG00000185633	4559	3141	3353	3062	5930	2720	6740	2116	1689	2788	3236	1628	3038	2207	2190	2364	3080	2262	3569	2797	2843	2990	2733
ENSG00000185716	1227	2819	2726	2917	2136	2852	2455	2181	157	2900	2224	2220	2723	3037	1883	2385	2336	9905	2798	1686	2311	2711	2635
ENSG00000185803	2986	2467	2314	0	1766	1677	7046	1638	2316	2393	4029	0	1055	1877	1825	1966	1090	361	2190	2021	1914	1741	1871
ENSG00000185966	642	0	0	0	0	0	0	0	0	0	0	0	909	0	0	0	0	0	0	0	0	0	0
ENSG00000186113	303	0	0	0	0	0	0	0	0	0	0	0	0	0	0	0	0	0	0	0	0	0	0
ENSG00000186117	0	0	163	0	0	0	0	0	0	0	0	0	0	0	0	0	0	0	0	0	0	0	0
ENSG00000186119	0	0	0	0	0	0	0	0	0	0	0	0	0	0	0	0	0	0	0	0	0	0	0
ENSG00000186141	356	1717	1397	1267	1414	1616	1674	1296	1387	1264	1415	864	1436	1237	1502	1313	1287	2234	1271	1251	1375	1194	2119
ENSG00000186146	0	0	0	0	0	0	0	0	0	0	0	0	0	0	0	0	0	0	0	0	0	0	0
ENSG00000186364	1086	2711	240	1694	1425	822	1613	1290	1554	1754	1680	934	1298	1443	1351	1555	1736	2745	1035	1484	1083	1814	2433
ENSG00000186510	675	2913	1377	0	2011	0	16842	0	0	0	0	0	756	1119	4634	0	337	2588	960	2687	924	2956	3404
ENSG00000186583	0	0	0	0	1468	0	0	0	0	1790	0	0	5063	0	0	0	2681	7441	0	0	0	0	0
ENSG00000186599	0	0	0	0	0	0	0	0	0	0	0	0	0	0	0	0	0	0	0	0	0	0	0
ENSG00000186648	1581	2385	1769	2045	2132	2180	4454	1879	2593	1338	2039	2339	1789	3028	1628	1374	2075	1959	2191	1944	1893	1138	2567
ENSG00000186710	1490	2478	0	991	1495	0	1367	0	0	0	1223	0	884	761	1905	0	0	7622	1691	0	968	0	0
ENSG00000186815	4525	19494	4020	767	3386	2779	2024	3139	3727	4098	2916	1482	3000	2808	3012	3842	2965	3716	2945	1323	3317	2889	3722
ENSG00000187082	0	0	0	0	0	0	0	0	0	0	0	0	0	0	0	0	0	0	0	0	0	0	0
ENSG00000187486	2582	3226	9746	1765	4744	1299	5210	1518	1870	1689	2390	0	5491	1515	2023	1627	1839	13409	1431	0	1507	1024	0
ENSG00000187533	0	0	0	0	326	3432	0	0	0	0	0	0	0	0	0	0	0	0	0	0	0	0	0
ENSG00000187786	0	0	0	0	0	0	0	0	0	0	0	0	0	0	0	0	0	0	0	0	0	0	0
ENSG00000187942	2638	868	0	0	1061	0	982	0	0	0	0	0	467	0	0	443	796	8199	698	960	657	428	0
ENSG00000187951	2035	1525	1895	1366	2804	6245	1921	2507	357	3055	2351	1101	3128	5692	3067	3026	3355	5717	4020	6212	3586	3131	6090
ENSG00000187954	3020	12395	9376	0	2602	2802	13299	2286	2298	3347	3990	0	6575	2975	5370	2375	5810	4006	4232	2250	3951	2994	3148
ENSG00000188086	505	1153	4390	0	0	0	2825	0	0	0	0	0	0	0	0	0	0	0	0	0	0	0	0
ENSG00000188152	159	275	0	0	0	0	0	0	0	0	0	0	0	0	0	0	0	0	0	0	0	0	0
ENSG00000188321	2099	3137	2881	1704	4183	2245	2956	1885	2822	1825	1902	1543	1897	1781	2079	1999	2350	2479	1565	1931	1697	1801	2639
ENSG00000188322	2335	2484	3255	665	3109	2924	3931	2571	2820	1503	1622	2078	2954	3211	2562	1674	1299	1384	3884	1458	1657	1288	1158
ENSG00000188368	1202	3221	2214	1932	2232	2012	2194	2222	2525	2383	2432	1947	2285	1677	1796	2202	2538	2480	2095	2130	2541	1978	1765
ENSG00000188686	0	0	0	0	0	0	0	0	0	0	0	0	0	0	0	0	0	0	0	0	0	0	0
ENSG00000188707	1089	2500	5571	1832	2690	0	0	2606	0	0	2600	0	0	1898	2735	2527	3088	3723	3160	0	0	0	3302
ENSG00000188760	2939	9577	4974	1811	317	1967	1613	2783	587	2801	2267	0	3501	1715	2779	1277	1612	3955	2055	1891	596	1740	3308
ENSG00000188827	2762	2656	3145	0	2663	2341	2153	2584	2306	3352	2655	2404	3294	1928	2415	2628	3889	3687	1802	1886	3375	3709	1948
ENSG00000188997	2971	5976	3411	2414	4619	2493	5089	1774	2912	3661	5487	0	3416	881	739	3337	2619	2373	4289	2596	2098	2266	1329
ENSG00000189013	1662	0	0	0	0	0	0	0	0	0	0	0	0	0	0	0	0	2191	0	0	0	0	0
ENSG00000189319	3971	2836	2811	3051	3469	3585	2496	2443	4583	6436	2593	1578	5538	5262	2999	2561	3500	4799	2925	2270	2445	3927	2265
ENSG00000196110	1270	2199	4488	1461	4243	2309	1510	1865	2808	2312	2379	1098	1792	2385	2054	2287	2939	4500	1894	4643	2081	2029	2168
ENSG00000196187	3177	8160	3322	1491	3316	2337	4731	3367	2620	3105	2725	2751	2642	3006	3033	2915	2906	12180	1949	2390	3270	2908	2999
ENSG00000196312	2201	4870	1159	0	516	3174	1638	1526	1546	1575	1503	0	1639	1620	3121	1705	1507	1949	1679	1945	1583	1583	1750
ENSG00000196547	1905	2420	4043	1128	2847	2350	2996	2377	2539	2824	2717	2309	2494	2839	2813	2437	2988	1901	2500	1941	2366	2356	2137
ENSG00000196597	4528	2312	2824	2924	1491	3807	3607	1681	2187	4386	914	1900	3381	4197	3961	3495	2123	2081	4336	1419	4135	1559	2509
ENSG00000196890	629	2597	2847	2700	2935	3314	2821	1833	0	3249	3388	0	2919	2758	2885	2880	2809	4928	2898	3506	2774	3102	791
ENSG00000197006	4337	3657	1844	3580	4017	4028	2673	3657	4050	823	4012	3820	3866	3739	3570	3863	3992	3362	3839	3878	4375	2396	2718
ENSG00000197134	0	0	7890	0	0	0	1184	0	0	0	0	0	256	0	638	0	3456	3783	650	2089	1714	1121	1653
ENSG00000197182	499	3842	6309	0	0	0	3019	4951	3076	3405	3687	0	6144	2954	7168	4136	5060	5918	7271	0	2740	0	5292
ENSG00000197417	7321	4286	3725	1653	351	1851	2639	1831	2889	1210	2479	1590	2482	1801	554	509	1237	957	2516	1891	2365	1849	1221
ENSG00000197465	469	0	0	0	0	0	0	0	3957	2759	0	0	0	2185	0	0	4476	3579	0	3032	0	3033	3071
ENSG00000197532	0	0	2629	0	0	0	0	0	0	0	0	0	0	0	0	0	0	0	0	0	0	0	0
ENSG00000197562	2355	9073	4084	1867	2281	1974	5997	1622	2734	3047	2357	0	3071	2263	2187	1914	2080	2676	2830	2198	2845	2153	2816
ENSG00000197696	0	2056	3302	1664	0	0	1988	1528	2462	1784	0	0	1933	1254	1129	1390	0	2454	2249	1611	1722	2000	1462
ENSG00000197774	1365	5529	2284	0	1969	1799	11003	2701	1893	3477	3205	0	3569	3405	3260	948	3265	3970	3457	3142	3535	2921	3387
ENSG00000197858	1981	10332	4734	3271	1247	1501	5990	1447	1434	1436	1398	0	1607	1249	1373	1275	1087	2076	2661	1718	1415	1470	1938
ENSG00000197879	3835	5123	3229	1131	2158	1637	5285	3794	3748	4587	5511	0	3840	3577	3648	3394	4139	4367	4368	3462	4056	1702	3195
ENSG00000197889	1954	4460	4842	2225	1937	2158	2589	1756	3775	4058	2121	1948	1949	2582	3812	1870	4676	3727	2570	2666	2384	1972	3919
ENSG00000198026	3099	1492	4028	445	2452	2101	3907	3238	5178	2919	2377	416	2989	3817	2883	2948	5285	2145	1852	2421	3453	2097	3537
ENSG00000198129	0	0	0	0	0	0	0	0	0	0	0	0	0	0	0	0	0	0	0	0	0	0	0
ENSG00000198250	1495	4310	1020	2935	3010	2710	1197	2236	6174	2769	3591	0	772	1218	2765	1500	4720	8749	1432	1544	1454	1839	1154
ENSG00000198483	724	4658	521	2649	1676	2495	2762	3784	2079	1750	4926	236	323	2088	3108	2836	6154	1985	2986	2150	4178	2447	2702
ENSG00000198877	0	0	0	0	0	0	0	0	0	0	0	0	0	0	0	0	0	0	0	0	0	0	0
ENSG00000198901	3350	1926	4332	1923	1853	2278	2339	3648	2052	4024	4849	2947	3964	4043	4411	4033	2112	4976	4043	4045	3973	3829	4748
ENSG00000198917	1872	1949	1913	0	1655	1761	1442	1060	2245	1759	1612	0	1547	1761	1622	1335	1785	1521	1789	1604	1301	1403	2354
ENSG00000198954	1430	4407	4089	1404	1808	2136	1523	1403	1416	2770	2531	1957	1674	1442	1653	1248	2045	2018	2204	1516	1427	1507	1954
ENSG00000203485	1962	27347	8253	1871	3192	3198	8616	2707	648	1887	5058	0	3504	2389	2613	2337	3478	3707	2261	2425	3430	2409	2576
ENSG00000203618	1515	8706	7159	0	2278	1454	8408	1222	2594	1357	1003	360	1210	1479	1611	1650	2648	2453	7227	2488	1425	1695	1654
ENSG00000203747	1401	484	0	0	0	0	0	0	0	0	0	0	0	0	0	0	6531	1157	0	0	0	0	0
ENSG00000203772	0	766	4476	0	0	0	2400	0	0	0	0	0	0	0	0	0	0	0	0	0	0	0	0
ENSG00000204099	2106	5606	0	320	3950	0	2142	0	0	0	0	0	0	0	1305	0	0	0	0	0	0	0	0
ENSG00000204323	0	5804	1767	0	1735	0	6037	860	820	0	1633	0	1144	2084	1399	814	1154	0	1579	1162	1204	1485	2512
ENSG00000204393	4008	4742	5952	689	5122	4581	5544	4503	1899	2464	4253	0	3276	1467	5030	2998	1753	7117	2034	2796	640	1137	504
ENSG00000204414	2258	798	0	2357	0	0	0	0	0	1705	0	0	259	0	0	0	1901	1300	0	0	0	0	0
ENSG00000204513	0	0	0	0	0	0	0	0	0	0	0	0	0	0	0	0	0	0	0	0	0	0	0
ENSG00000204520	1056	1824	2842	1902	1135	3710	1867	6923	2310	1980	1934	4562	1741	5092	5279	1629	1755	5177	4671	1277	1568	1200	1825
ENSG00000204533	0	7287	800	0	0	0	0	0	0	0	0	0	0	0	0	0	0	0	0	0	0	0	0
ENSG00000204577	1215	0	1555	0	1599	0	1669	0	0	0	0	0	0	0	0	407	0	2300	1148	0	0	0	1017
ENSG00000204604	4098	2741	2439	1197	2558	1687	2531	0	1799	968	1182	761	1413	1366	2732	1731	1385	6437	1681	2972	1935	1769	2400
ENSG00000204628	1273	8978	2665	5190	4576	1834	4983	2097	4422	5203	2170	3133	2793	2527	5083	1472	4703	6617	4854	4462	3956	5040	5517
ENSG00000204682	3491	3822	3635	1311	3325	1638	3587	4520	3537	1338	2319	4908	1251	1221	1206	982	3133	8599	1228	1880	1018	3903	3626
ENSG00000204700	2607	0	0	0	0	0	0	0	0	0	0	0	0	0	0	0	0	0	0	0	0	0	0
ENSG00000204775	0	0	0	0	0	0	0	0	0	0	0	0	0	0	0	0	0	0	0	0	0	0	0
ENSG00000204822	4684	3101	2961	1388	1732	1249	2613	1481	1887	1464	1382	1383	1395	1251	1544	1344	2070	2009	1548	1342	1672	1321	1492
ENSG00000204839	1965	3238	6095	1238	2160	0	11064	807	1631	2460	2421	0	3001	1506	2268	1743	5494	2665	813	977	1724	927	832
ENSG00000204843	1789	2698	1545	1406	789	4329	1503	3319	2714	3149	2852	2084	2143	3116	5633	2136	3505	982	3235	2506	282	3462	3798
ENSG00000204941	0	0	431	0	0	0	5467	0	0	0	0	0	410	0	0	0	0	0	0	0	0	645	0
ENSG00000204957	554	8334	4923	2463	3383	3483	3190	3027	4037	3684	4379	1981	3438	3263	3794	3519	3386	4468	3844	3399	1859	1783	3476
ENSG00000205030	0	0	0	0	300	6189	0	0	0	0	0	0	0	0	291	0	0	0	0	0	0	0	0
ENSG00000205155	2105	7404	1117	2108	1821	1483	1793	1632	1618	974	2514	0	1936	1580	1897	1541	2479	6423	2643	1515	1909	1340	2310
ENSG00000205495	0	0	0	1300	0	5829	0	0	0	0	0	0	0	0	0	0	0	0	0	0	0	0	0
ENSG00000205754	227	0	0	0	0	0	0	0	0	0	0	0	0	0	0	0	0	0	0	0	0	0	0
ENSG00000205927	1562	5655	6491	4566	753	2478	7673	0	0	0	0	0	994	0	5211	0	0	7093	4980	0	0	0	0
ENSG00000206172	0	2974	0	0	0	0	0	0	0	0	0	0	0	0	0	0	0	0	0	0	0	0	0
ENSG00000206549	2137	3194	2903	1907	1311	1718	1476	1152	0	1157	0	0	1361	2342	877	1285	2827	5068	2351	1146	1101	879	1127
ENSG00000212719	1169	1205	998	0	1116	1212	1383	1571	1965	721	659	727	1059	2190	1299	1247	1513	434	2368	1030	2305	1395	2699
ENSG00000213145	1914	21303	9285	0	805	2974	13896	2297	1294	1733	3607	0	367	1240	1803	575	863	1980	572	0	469	820	1448
ENSG00000213218	1420	0	0	0	0	0	0	0	0	0	0	0	0	0	0	0	0	0	0	0	0	0	0
ENSG00000213246	1961	3922	4993	1360	1771	1834	2360	1674	1416	1865	2128	0	1910	1662	2445	1876	2520	2043	4567	1558	1637	2203	1906
ENSG00000213341	2072	2804	1693	1976	1700	2994	1585	1558	2792	2809	2476	1977	1712	1729	1892	1663	2239	3282	1891	1676	1804	1677	2430
ENSG00000213578	2047	2622	0	0	1760	0	13888	0	0	0	7920	0	0	0	0	0	0	2126	0	0	0	0	0
ENSG00000214026	1971	6863	3426	0	703	1837	393	2096	3081	2023	0	0	2013	826	731	3386	2119	3338	770	2890	4732	3455	3260
ENSG00000214042	0	524	0	0	0	0	0	0	0	0	0	0	0	0	0	0	0	0	0	0	0	0	0
ENSG00000214597	2986	2467	2314	0	1766	1677	7046	1638	2316	2393	4029	0	1055	1877	1825	1966	1090	361	2190	2021	695	1741	1871
ENSG00000214655	983	3018	1810	1226	1598	2562	1465	1379	1941	1898	2425	1047	1848	1951	1376	1673	2094	1840	1796	1468	1958	1677	1530
ENSG00000215045	1597	1911	6334	1866	1942	1112	2793	1093	1319	714	734	0	916	1094	1565	1325	467	8842	1158	0	769	400	0
ENSG00000215252	3721	350	1036	901	998	959	4816	2979	0	858	1373	2333	913	1342	1151	1196	2044	3240	575	2092	904	1505	1629
ENSG00000215372	1368	0	0	261	0	0	0	0	0	0	0	0	0	3060	1467	676	0	0	0	0	0	0	871
ENSG00000218416	0	431	2765	0	0	0	10842	0	0	0	0	0	0	0	0	0	0	0	0	0	0	0	0
ENSG00000219492	0	0	0	0	0	0	0	0	0	0	0	0	0	0	0	0	0	0	0	0	0	0	0
ENSG00000221826	0	0	0	0	0	3395	0	0	0	0	0	0	0	0	0	0	0	0	0	0	0	0	0
ENSG00000221994	616	1892	2276	1439	1338	2233	2896	1615	0	994	0	0	1333	1243	1172	1614	1659	3708	1504	1517	1526	1327	2361
ENSG00000224383	4072	2884	2905	2081	2310	2010	3096	1282	1999	1593	0	1160	1787	1050	2513	310	2374	2624	2908	1426	993	1377	1137
ENSG00000226174	2536	4193	3822	0	1723	1300	3757	1312	2595	2692	2126	0	1672	2312	2324	2239	2769	2008	3150	1603	1363	1501	1979
ENSG00000226777	0	0	0	0	0	0	0	0	0	0	0	0	0	0	0	0	0	0	0	0	0	0	0
ENSG00000226974	0	0	0	0	0	0	0	0	0	0	0	0	0	0	0	0	0	0	0	0	0	0	0
ENSG00000229615	254	1294	0	0	0	0	0	0	0	0	0	0	0	0	0	0	0	740	0	0	0	0	0
ENSG00000230567	0	0	0	0	0	0	0	0	0	0	0	0	0	0	0	0	0	0	0	0	0	0	0
ENSG00000230778	4192	9988	3779	3448	6284	948	4949	1362	0	1208	0	0	1602	2318	2411	1343	2424	1834	808	1559	2299	1083	1537
ENSG00000231924	0	0	0	0	0	0	1097	3602	0	0	0	0	764	0	2274	0	0	0	1133	0	0	0	3274
ENSG00000233493	4408	10318	3776	3436	3004	1830	5035	2526	3730	3714	3815	1031	3701	2791	2847	3197	3619	4451	5037	2494	2987	2845	3188
ENSG00000234631	0	0	0	0	0	0	0	0	0	0	0	0	0	0	0	0	0	0	0	0	0	0	0
ENSG00000234776	0	3055	1002	0	0	0	0	0	0	0	0	0	0	0	0	0	0	0	0	0	0	0	0
ENSG00000235173	0	0	0	0	0	0	0	0	0	0	0	0	0	0	0	0	0	0	0	0	0	0	0
ENSG00000236398	894	628	0	0	0	0	0	0	0	0	0	0	0	0	0	0	0	3277	0	0	0	0	0
ENSG00000236609	2061	1948	3924	1778	2500	2586	193	2396	1545	258	0	0	1210	2464	1478	1345	0	1224	2667	0	0	0	0
ENSG00000237440	4966	5442	1255	0	1846	2626	1435	0	1200	1341	0	956	1138	1763	2509	1464	0	2472	997	1354	3580	1441	2135
ENSG00000239732	2480	5975	3678	2205	2410	3836	4234	1797	2882	3151	4517	352	2585	2951	3078	2759	3624	4359	3175	1013	2893	2209	4345
ENSG00000239779	2822	1676	1105	1250	2209	6907	1183	3371	1614	1202	2321	1007	1602	1769	2549	2106	1306	7199	2603	1894	1849	2185	1881
ENSG00000239887	269	0	0	0	0	0	0	0	0	0	5347	0	2130	0	0	0	4553	11083	1066	0	1173	0	0
ENSG00000240403	1452	0	0	0	0	0	0	0	0	0	0	0	0	0	0	0	0	4259	0	0	0	0	0
ENSG00000242019	1662	0	0	0	0	0	0	0	0	0	0	0	0	0	0	0	0	2191	0	0	0	0	0
ENSG00000242221	0	0	0	0	0	0	463	949	0	0	0	0	575	0	0	0	0	0	0	0	0	0	0
ENSG00000243130	0	0	0	0	0	0	0	0	0	0	0	0	0	0	0	0	0	0	0	0	0	875	0
ENSG00000243137	0	0	0	0	0	0	303	0	0	0	0	0	213	0	0	0	0	0	0	0	0	633	0
ENSG00000243566	1543	1163	441	0	1765	0	806	417	0	0	2519	0	610	0	0	0	0	0	0	0	1239	0	0
ENSG00000243708	1983	5463	1896	1534	1661	1608	1359	1311	1654	1703	2491	1265	1697	1493	2453	1853	2007	1785	1514	1447	1338	1769	2574
ENSG00000243709	3177	0	3154	0	3316	2337	0	0	0	0	0	1124	1750	0	0	0	2048	12180	1949	0	687	0	0
ENSG00000243772	0	0	994	0	0	0	0	0	0	0	0	0	0	0	0	0	0	0	0	0	0	0	0
ENSG00000243789	1983	5463	1896	1534	1661	1608	1359	1311	1654	1703	2491	1265	1697	1493	2453	1853	2007	1785	1514	1447	1338	1769	2574
ENSG00000243989	2699	7015	4610	2161	3362	2939	4566	2219	2757	2818	5210	0	2341	2794	3510	3516	4273	3891	3620	2972	2101	2838	3677
ENSG00000244045	2167	1251	1364	1312	1381	1276	1417	1498	1939	1572	2802	1354	2004	1291	1543	1767	1792	2824	3064	1182	2155	1649	2408
ENSG00000244414	0	0	230	0	1510	0	0	0	0	0	0	0	0	0	0	0	0	0	0	0	0	0	0
ENSG00000244482	1215	0	0	0	1599	0	1669	0	0	0	0	0	0	0	0	407	0	2300	1148	0	0	0	1017
ENSG00000247596	2480	5975	3678	2205	2410	3836	4234	1797	2882	3151	4517	352	2585	2951	3078	2759	3624	4359	3175	1013	2893	2209	4345
ENSG00000248487	2699	1884	4610	2161	3362	2939	3350	2219	2726	2818	2267	0	2341	2794	3510	3516	4273	3891	3620	2972	2101	2838	3677
ENSG00000249109	0	0	0	0	0	0	0	0	0	0	0	0	200	0	0	0	0	0	0	0	0	0	0
ENSG00000249471	2407	1577	1943	1330	2541	2358	4060	2147	1796	1987	2125	968	2073	1570	2031	1544	1688	2740	1714	1743	1641	1753	1904
ENSG00000250361	1569	0	0	0	0	0	0	0	0	0	0	0	0	0	0	0	9029	0	0	0	0	0	0
ENSG00000251655	0	373	0	667	0	0	0	0	0	0	0	0	0	0	0	1055	0	0	0	0	0	0	0
ENSG00000254535	1640	1633	2230	3487	2927	0	2155	3271	5982	0	2344	0	1651	2446	2691	4314	2316	2349	1944	6603	2411	2347	3455
ENSG00000254706	0	0	1283	0	0	0	0	0	0	0	0	0	0	0	2557	0	6407	7200	0	0	0	0	0
ENSG00000254834	1489	0	0	0	0	4578	0	0	0	0	0	0	0	0	0	0	0	0	0	0	0	0	0
ENSG00000255800	0	0	0	0	0	0	0	0	0	0	0	0	0	0	0	0	0	0	0	0	0	0	0
ENSG00000255835	967	2306	2868	1491	3345	2490	816	3495	1109	1176	674	577	434	304	2383	825	6099	3057	572	2704	514	627	1891
ENSG00000255974	487	0	0	1266	1071	0	0	977	0	0	0	0	0	260	0	0	0	1275	0	0	0	0	0
ENSG00000256097	165	19303	11684	0	0	0	7300	0	0	1849	0	0	4094	1104	0	612	0	3480	2976	0	4911	0	0
ENSG00000256715	0	0	0	0	0	0	0	0	0	0	0	0	0	0	0	0	0	0	0	0	0	0	0
ENSG00000257046	0	0	0	0	0	0	0	0	0	0	0	0	0	0	0	0	0	0	0	0	0	0	0
ENSG00000257062	196	0	0	204	1217	16919	0	0	0	0	0	0	0	0	0	0	0	0	0	0	0	0	0
ENSG00000257341	1914	21303	9285	0	2262	2738	13896	2297	3140	2740	3607	0	367	0	2770	575	2847	7155	572	0	469	0	0
ENSG00000258539	3793	2839	3737	2538	1038	1958	2700	2375	2503	2400	927	2758	2363	1754	2219	2558	1190	2637	2900	2931	2918	2518	2824
ENSG00000259112	2642	10043	5222	2663	2395	4845	6057	2562	4147	2816	2714	0	3993	2367	5127	3170	5635	9703	8331	3008	2363	4471	3078
ENSG00000259120	0	5133	0	0	0	0	1969	1724	0	1060	342	830	0	0	818	1432	0	808	0	0	0	0	0
ENSG00000259384	2258	798	0	2357	0	0	0	0	0	1705	0	0	259	0	0	0	1901	1300	0	0	0	0	0
ENSG00000260300	0	987	0	0	614	0	0	0	0	0	0	0	0	0	1316	0	0	0	0	0	0	0	0
ENSG00000261603	0	0	0	0	0	0	0	0	0	0	0	0	0	0	0	0	0	0	0	0	0	0	0
ENSG00000262246	3283	899	3105	2107	2250	3069	3166	1750	2715	1169	1956	0	1604	1955	1659	1899	2065	389	1787	2214	2155	2414	2441
ENSG00000264472	700	0	0	0	0	3936	0	0	0	0	819	0	0	0	0	0	0	0	0	0	0	0	0
ENSG00000266714	0	0	1868	0	0	0	0	1433	0	0	3510	0	0	1468	2727	0	250	0	0	0	0	0	0
ENSG00000267120	2105	3151	1498	798	1496	1145	1793	1632	1618	1936	2514	993	1936	1580	1897	1541	2479	1223	2643	1334	1909	1340	2310
ENSG00000267173	2338	2079	722	2033	2600	3239	800	1891	381	1381	0	1567	2388	2054	2313	1733	2474	3372	2091	2371	1769	1756	1916
ENSG00000267508	2338	2079	722	2033	2600	3239	800	1891	381	1381	0	1567	2388	2054	2313	1733	2474	3372	2091	2371	1769	1756	1916
ENSG00000267706	1349	2022	0	916	2067	0	0	0	0	0	0	0	0	0	0	0	0	0	0	0	0	0	0
ENSG00000267819	0	0	1190	0	1223	0	0	0	0	0	0	0	0	0	0	0	2015	1876	0	0	0	0	0
ENSG00000267849	0	0	0	0	0	0	0	0	0	0	0	0	0	0	0	0	0	0	0	0	0	0	0
ENSG00000268091	1485	1796	4827	0	2039	0	0	1986	0	0	1190	0	0	0	216	0	0	0	0	0	0	696	0
ENSG00000268194	0	1393	4287	0	317	697	2183	1694	0	0	2523	1020	1352	836	3432	0	1601	0	1386	927	2424	2685	500
ENSG00000268206	549	644	1469	3019	1267	0	676	11410	0	0	0	0	0	637	798	614	5470	2274	991	862	0	0	1335
ENSG00000268397	0	0	0	0	0	0	0	0	0	0	0	0	0	0	0	0	0	0	0	0	0	0	0
ENSG00000268643	8713	9258	3261	808	3609	3349	7186	722	3048	4037	2368	0	4087	643	4152	3632	3716	3789	5117	3131	2459	1462	2481
ENSG00000268925	0	913	0	0	0	0	3396	1798	0	967	0	0	2324	1866	2311	0	1425	3993	0	0	1567	0	1531
ENSG00000268927	0	875	1753	0	1574	0	8102	0	0	0	0	2119	0	0	0	0	1113	0	0	0	0	0	0
ENSG00000269011	0	0	0	0	0	0	0	0	0	0	0	0	0	0	0	0	0	0	0	0	0	0	0
ENSG00000269071	3333	5238	992	4677	1927	2068	3505	0	879	1823	0	0	1087	0	0	1490	5186	3475	4099	1147	692	0	1108
ENSG00000269104	1058	6650	3906	0	1349	0	0	3033	3647	0	769	694	823	1361	3310	623	3651	7112	1482	0	1631	807	3239
ENSG00000269307	3520	6920	1604	564	549	1351	1059	1530	2141	964	1856	437	2135	2705	2201	1643	5939	6068	1018	2644	1702	834	4001
ENSG00000269558	0	0	0	0	0	0	0	0	0	0	0	0	0	0	0	0	0	0	0	0	0	0	0
ENSG00000269855	1310	4519	445	0	0	0	0	0	0	0	0	0	0	0	0	0	0	0	0	0	0	0	0
ENSG00000271698	2986	2467	2314	0	1766	1677	7046	1638	2316	2393	4029	0	1055	1877	1825	1966	1090	2224	2190	2021	695	1741	1871
ENSG00000272916	1031	1132	254	0	1941	1685	1326	1821	2080	1259	1110	0	2218	1252	1090	694	1868	1331	1121	0	1314	1236	2125
ENSG00000273171	1936	4299	3313	1900	3025	2122	3063	1998	0	2006	5876	0	1548	2328	1807	1453	1627	2782	2811	1809	1411	2764	0
