gene	E003	E004	E005	E006	E007	E008	E017	E021	E022	E028	E029	E032	E033	E034	E046	E050	E051	E055	E056	E057	E059	E080	E081	E082	E083	E084	E085	E086	E088	E089	E090	E091	E092	E093	E094	E097	E098	E100	E109	E114	E116	E117	E118	E119	E120	E121	E122	E123	E124	E125	E126	E127	E128
ENSG00000001631	2	5	7	9	4	1	16	10	14	6	6	5	2	9	6	7	7	9	13	10	6	7	9	11	5	6	7	15	6	7	5	4	5	8	5	9	9	10	10	6	9	6	4	8	4	9	7	12	8	8	10	20	9
ENSG00000004866	12	13	10	31	10	14	17	24	21	12	6	11	11	18	10	13	13	13	10	9	12	12	14	15	49	9	9	24	37	19	30	29	9	21	9	16	10	10	10	10	27	8	9	9	19	31	10	25	10	15	11	17	12
ENSG00000005339	9	14	8	17	23	13	17	23	24	6	14	35	20	38	26	22	19	27	19	9	9	14	5	13	34	7	8	24	13	15	18	16	12	17	5	31	17	28	13	8	31	7	7	9	11	19	10	28	19	15	20	18	9
ENSG00000005513	18	12	6	10	42	16	18	33	40	9	6	37	30	60	19	24	18	29	18	7	15	20	39	35	21	2	7	59	24	45	44	20	30	28	3	23	16	49	12	17	2	5	39	8	21	36	8	8	14	15	13	5	10
ENSG00000006704	23	13	4	15	27	11	13	34	28	5	9	23	9	26	4	11	11	19	12	5	5	19	18	21	29	26	24	58	21	29	27	19	24	17	9	23	15	40	24	20	7	12	14	8	14	24	3	6	13	13	14	16	9
ENSG00000007168	11	9	8	10	16	8	12	23	26	8	7	24	16	45	25	10	8	22	18	6	9	17	9	12	13	6	6	15	17	17	15	16	16	8	8	23	10	28	16	29	8	9	12	11	7	12	9	13	7	9	8	30	11
ENSG00000007372	70	65	17	24	60	32	14	74	84	7	8	53	17	27	8	63	52	39	30	18	23	14	63	84	56	6	17	68	54	55	66	22	69	48	3	11	18	13	11	7	3	7	19	13	5	21	11	15	21	35	16	9	43
ENSG00000008196	23	20	7	1	40	28	2	20	20	4	1	2	1	1	1	6	6	2	4	13	5	17	4	12	3	2	4	12	8	5	11	10	8	1	2	1	1	1	2	1	2	1	2	2	1	2	3	4	1	0	2	7	1
ENSG00000008710	28	26	18	32	43	17	30	49	39	29	15	50	38	53	21	37	33	51	41	27	18	30	33	29	32	22	18	60	31	44	58	55	42	34	22	70	36	64	34	32	19	19	22	36	19	36	17	17	23	35	35	33	31
ENSG00000012048	6	3	4	3	6	3	4	15	20	5	5	10	4	14	5	5	9	6	5	5	6	6	4	8	7	7	7	12	12	5	4	9	9	6	2	14	8	7	7	18	5	6	18	4	2	6	5	9	8	6	7	10	3
ENSG00000017260	6	8	5	7	8	3	7	4	4	11	5	4	5	5	3	15	16	10	8	8	4	6	9	11	4	6	5	5	11	13	7	7	4	8	6	7	7	14	8	5	14	6	1	8	7	9	7	15	6	8	7	10	9
ENSG00000017427	5	6	8	5	8	5	10	13	11	4	6	11	7	6	6	7	11	8	11	2	7	5	9	12	15	2	5	24	28	22	23	20	12	11	6	30	19	16	2	8	11	1	2	3	11	14	4	18	9	13	11	3	9
ENSG00000018625	15	23	4	13	26	15	13	24	20	11	10	21	17	17	17	5	10	17	18	9	14	23	15	15	20	11	9	15	19	34	33	20	14	11	13	24	14	39	13	13	8	12	14	10	21	33	6	10	12	11	15	10	10
ENSG00000021574	4	4	4	5	3	2	6	5	6	3	6	6	5	7	4	5	6	5	3	5	5	6	3	4	4	6	7	6	5	2	3	6	5	3	4	6	4	4	9	9	4	4	11	2	4	5	5	9	4	4	4	5	4
ENSG00000026103	11	12	8	20	18	7	25	17	16	13	13	20	29	49	25	20	16	20	24	10	20	18	10	23	22	14	12	27	42	26	29	8	26	21	13	73	27	15	26	12	25	10	8	20	28	28	15	2	18	16	23	27	17
ENSG00000030582	29	15	11	20	41	18	24	53	42	14	29	54	44	52	26	27	36	38	19	14	12	22	26	25	27	23	24	61	29	44	39	60	26	31	7	65	19	40	17	43	18	20	50	17	15	33	12	17	35	14	21	38	15
ENSG00000032444	19	17	11	14	28	12	13	27	37	11	18	48	26	31	23	26	38	20	17	8	10	23	17	23	22	14	12	49	14	24	30	40	20	23	12	50	15	43	18	13	19	12	19	12	9	20	11	14	43	12	16	14	12
ENSG00000034971	8	8	4	4	3	4	2	9	9	3	2	2	2	4	3	8	4	14	9	3	3	5	4	6	13	5	2	7	13	13	12	10	10	4	1	12	7	12	8	4	2	1	3	2	9	17	3	2	2	4	20	1	7
ENSG00000040608	10	4	0	5	30	6	10	21	26	4	5	19	8	11	7	8	12	14	9	4	8	20	24	25	16	4	2	21	9	25	26	21	10	32	2	12	10	17	7	2	2	0	15	17	6	18	3	38	8	11	6	7	8
ENSG00000043355	49	47	15	30	58	36	8	77	69	16	7	76	61	93	53	78	67	29	22	29	23	26	59	91	70	15	27	82	64	70	44	30	71	71	1	18	10	12	23	27	4	11	26	18	4	17	16	15	32	19	10	7	16
ENSG00000046604	14	20	17	16	17	9	7	29	24	39	5	3	2	0	1	17	13	0	0	25	10	9	9	3	28	24	23	20	8	5	8	18	16	14	15	13	10	3	27	17	20	13	9	46	3	6	0	18	4	19	5	48	18
ENSG00000049540	16	7	8	15	26	14	13	45	46	6	4	24	5	7	6	27	28	35	24	10	7	16	10	12	25	3	4	40	29	45	39	30	26	17	10	44	29	36	14	17	2	4	6	8	23	35	7	6	13	17	26	14	14
ENSG00000049541	6	10	6	27	10	5	13	29	20	6	8	31	20	11	12	17	16	16	13	5	5	11	6	6	10	7	9	22	14	14	15	20	16	13	12	23	15	18	14	11	33	10	18	8	9	11	6	16	11	5	10	17	7
ENSG00000049618	24	26	11	14	18	16	25	41	27	21	13	37	30	32	24	19	19	22	18	14	23	28	22	36	42	21	21	30	32	24	22	14	24	17	13	36	24	17	20	13	34	8	13	22	29	39	21	27	14	20	27	23	22
ENSG00000052850	35	30	13	21	63	29	13	60	55	11	2	32	12	10	2	32	21	29	20	25	22	16	15	23	34	7	8	39	31	33	37	19	31	12	0	9	13	15	7	25	3	5	9	12	10	25	6	12	6	4	30	13	12
ENSG00000053918	9	2	2	1	17	8	8	17	19	2	17	31	24	43	29	18	20	7	2	3	4	15	4	4	38	22	18	30	22	14	16	19	30	17	21	15	30	9	38	8	2	1	13	3	8	19	1	2	24	3	3	6	1
ENSG00000054598	37	39	4	9	58	29	22	47	37	20	10	33	22	24	17	39	26	33	28	13	12	46	17	30	36	20	11	64	43	33	44	32	45	38	3	19	14	11	15	12	6	9	22	15	10	16	39	9	24	11	18	6	13
ENSG00000055118	44	25	17	23	59	27	27	56	56	12	13	41	31	64	26	40	36	26	22	11	7	32	34	48	69	25	22	71	48	41	44	52	48	37	6	52	20	40	22	24	10	5	30	20	23	35	15	48	16	13	9	20	11
ENSG00000056661	27	21	16	23	18	20	28	47	51	11	20	60	43	51	39	23	38	45	33	13	21	31	32	31	35	29	31	58	40	46	49	48	40	50	22	60	45	62	45	63	35	11	29	20	21	31	19	24	30	26	33	28	21
ENSG00000057294	15	22	19	21	14	10	2	25	21	12	8	4	0	2	5	9	6	1	0	15	1	7	7	5	40	25	24	16	11	10	7	30	17	15	17	13	14	7	21	9	3	15	16	10	6	8	3	16	12	13	1	38	10
ENSG00000066926	8	11	4	6	11	5	6	18	20	5	2	15	8	10	10	9	8	10	4	8	7	9	4	9	8	4	2	18	9	6	8	9	4	10	1	7	5	11	7	6	9	3	4	6	3	7	2	19	5	5	2	9	4
ENSG00000067082	14	32	36	23	14	13	38	26	20	20	37	55	47	54	32	39	46	29	32	19	14	31	29	31	33	25	25	36	32	33	36	27	36	32	37	41	35	45	39	47	29	18	34	26	33	31	23	23	39	34	27	26	32
ENSG00000067955	13	17	10	13	19	9	19	26	25	7	7	20	22	24	9	14	14	15	14	4	7	12	9	18	13	8	10	23	22	10	14	13	11	15	9	22	16	13	16	16	20	9	21	12	13	14	10	16	8	11	15	17	13
ENSG00000068028	20	18	10	16	25	13	24	22	24	13	31	62	37	57	35	19	36	28	20	14	20	26	14	16	29	24	17	28	23	34	39	39	39	28	23	66	40	73	33	14	30	15	14	13	20	24	27	16	24	14	25	25	22
ENSG00000068078	10	9	5	4	24	11	3	21	11	6	3	7	3	6	3	9	7	13	8	7	4	6	6	9	8	14	16	32	18	9	4	11	24	17	3	3	17	2	21	9	2	5	56	7	5	11	2	13	2	4	4	15	2
ENSG00000069011	28	18	2	15	39	15	8	31	31	6	0	42	14	2	1	22	13	23	9	7	2	9	4	13	19	12	13	16	21	14	26	11	45	5	2	1	1	9	18	13	2	7	11	9	4	9	2	19	0	4	7	1	4
ENSG00000069424	13	11	5	7	14	8	9	13	13	6	11	17	12	14	15	16	10	16	13	7	18	17	11	9	11	11	8	12	8	14	10	9	11	13	2	7	4	13	11	9	14	8	13	6	11	12	6	14	13	4	11	6	8
ENSG00000070193	5	4	1	0	8	2	0	3	5	0	0	0	0	0	0	1	2	3	1	0	4	2	3	6	6	1	0	11	18	7	11	0	13	0	1	7	12	4	0	0	0	0	0	0	0	1	0	0	0	0	2	0	0
ENSG00000070413	11	7	6	11	14	7	15	27	23	11	16	27	27	37	19	14	15	15	15	9	5	12	12	14	9	13	13	31	12	18	13	14	7	22	7	14	26	37	13	8	13	5	15	21	14	17	5	60	19	13	12	30	11
ENSG00000070814	8	8	10	7	6	4	6	7	6	4	4	19	8	18	7	7	5	10	9	5	12	7	4	5	3	15	10	11	11	9	8	13	9	4	4	5	5	9	7	7	9	5	10	4	8	16	3	3	4	5	5	12	6
ENSG00000072274	6	7	5	6	5	6	8	7	5	5	9	9	9	20	10	12	16	6	5	4	6	10	6	9	11	12	10	7	10	8	8	17	5	7	4	10	8	8	19	5	22	16	4	5	10	8	6	31	12	6	8	6	9
ENSG00000074047	11	11	4	19	5	9	15	17	16	5	2	0	0	0	0	2	1	20	19	4	7	4	14	11	2	9	2	20	16	24	18	2	12	5	1	22	2	5	1	6	0	1	1	3	12	17	1	2	3	12	6	9	13
ENSG00000075043	41	14	3	2	43	21	11	61	52	6	1	17	6	9	4	16	21	12	10	3	6	26	40	35	35	2	1	41	19	17	28	14	18	12	2	1	9	15	3	25	4	4	71	11	7	12	0	1	12	10	5	9	4
ENSG00000075891	44	43	2	10	55	26	8	68	57	7	6	43	15	21	7	35	19	21	16	7	16	9	15	41	16	4	8	62	28	15	12	16	20	22	4	6	15	10	10	19	5	3	21	7	4	19	1	6	7	10	4	6	3
ENSG00000076242	3	4	4	1	5	1	2	4	4	1	6	13	13	12	5	3	6	4	2	1	2	8	1	1	8	5	3	2	5	5	6	3	4	11	1	5	4	2	5	3	12	1	2	2	4	4	4	13	3	2	2	4	3
ENSG00000077782	45	32	21	23	34	32	33	63	46	13	12	13	8	11	11	18	12	37	32	11	14	20	27	27	39	22	12	47	27	35	28	36	21	14	8	42	26	32	15	23	7	4	11	9	27	18	22	20	16	18	22	10	25
ENSG00000077800	15	5	6	8	14	10	12	23	25	6	5	19	8	11	8	7	8	11	10	6	9	10	6	9	11	8	6	14	16	14	7	15	15	14	9	9	15	12	10	7	3	6	14	5	11	13	4	13	7	10	8	6	7
ENSG00000077809	20	21	12	14	17	15	17	37	40	16	13	33	27	36	23	15	16	11	15	11	8	16	11	13	13	19	13	25	19	14	14	21	14	20	13	32	15	28	14	24	34	10	14	15	14	21	12	18	18	11	11	31	13
ENSG00000077942	14	22	28	22	18	13	19	31	41	13	0	1	1	1	5	6	4	53	45	12	8	15	20	20	25	18	14	41	32	29	25	61	23	18	4	45	13	25	4	3	0	16	25	13	7	21	2	0	3	17	39	9	17
ENSG00000078900	16	7	3	2	14	14	2	12	16	7	11	28	16	15	5	7	6	8	8	12	3	4	5	7	6	7	2	7	7	9	3	22	7	7	4	3	4	5	10	2	17	6	13	10	6	13	1	9	11	2	5	17	1
ENSG00000079246	4	10	7	8	12	8	7	7	8	4	5	11	9	16	8	6	5	9	8	7	11	10	4	6	4	11	12	8	7	6	9	12	8	9	3	8	6	9	10	10	10	3	6	4	8	12	6	8	3	8	10	15	9
ENSG00000081189	8	9	7	11	10	11	8	9	10	4	11	31	10	1	10	15	13	8	8	6	22	24	28	59	29	10	5	11	21	20	21	9	10	10	4	29	8	30	1	0	36	5	1	2	16	16	22	25	10	9	11	0	11
ENSG00000084734	6	3	1	3	6	4	7	6	6	5	6	13	10	19	5	4	6	12	12	4	3	7	4	4	7	4	5	9	10	7	7	6	7	4	4	11	6	6	7	12	1	1	10	5	7	11	2	9	5	9	10	5	9
ENSG00000087266	16	10	3	11	15	13	13	23	23	3	29	41	27	35	21	17	17	23	21	8	7	17	10	10	22	16	11	33	19	25	28	27	30	19	19	23	23	38	32	8	20	7	24	2	10	19	14	12	45	10	20	11	11
ENSG00000087460	36	20	14	28	40	23	16	59	49	14	14	50	48	57	24	24	25	27	24	14	19	60	22	32	49	16	18	52	47	71	62	41	26	25	11	32	28	31	24	16	32	14	20	15	20	30	12	24	21	19	23	38	23
ENSG00000089225	50	45	9	1	59	34	50	69	60	0	0	1	1	0	0	7	6	59	50	4	7	8	19	31	43	4	4	25	56	34	42	19	10	8	1	0	1	5	1	5	0	0	1	2	0	3	0	3	3	5	27	3	6
ENSG00000090402	1	1	0	0	0	0	0	1	1	0	0	0	0	0	0	0	0	0	0	0	0	0	0	0	0	9	10	0	0	0	0	0	0	0	0	0	0	0	10	0	0	0	0	0	1	1	0	0	0	0	0	0	0
ENSG00000091262	1	1	1	2	2	1	2	3	2	2	6	4	5	2	5	2	1	3	3	3	1	2	3	1	3	6	4	2	2	1	1	2	2	2	4	2	6	4	3	3	1	3	7	2	4	6	1	3	9	1	3	1	1
ENSG00000093010	25	21	12	19	32	16	24	54	48	20	16	29	18	32	17	25	33	32	33	17	17	50	18	28	30	19	27	58	36	45	38	57	33	40	22	97	35	70	24	15	16	9	50	36	22	27	21	62	19	24	21	28	22
ENSG00000095002	7	14	5	8	5	3	6	15	10	4	3	6	5	5	4	5	9	7	9	3	4	6	5	6	5	5	7	7	6	5	4	3	6	4	2	8	4	4	8	13	6	7	10	5	5	9	7	14	4	5	7	4	6
ENSG00000096696	15	12	15	6	11	8	9	12	14	30	0	7	1	0	0	8	5	13	9	28	3	11	4	3	18	27	20	11	20	9	5	25	15	7	9	4	21	1	22	6	0	5	15	29	13	18	2	6	0	7	7	59	8
ENSG00000099917	11	11	11	17	12	8	30	23	27	16	12	22	27	36	20	15	23	21	23	15	18	22	7	14	23	9	9	26	14	15	14	25	12	25	11	35	14	37	22	19	23	7	10	30	19	18	16	47	15	20	20	39	25
ENSG00000099949	19	13	7	12	38	15	16	29	31	8	15	47	34	46	24	20	30	20	16	10	19	17	13	16	13	13	10	29	16	12	21	37	12	25	9	37	29	48	19	14	18	6	30	28	7	19	7	48	28	17	12	14	12
ENSG00000099956	13	16	8	24	22	10	19	34	39	8	8	42	29	31	18	17	21	35	21	9	13	28	18	18	29	16	20	35	23	26	25	47	21	36	8	39	19	33	16	16	23	8	30	9	26	34	9	8	23	18	22	21	12
ENSG00000100033	11	14	7	4	18	11	2	29	22	6	3	5	5	4	2	15	14	9	5	4	6	5	8	7	13	16	21	29	14	15	9	18	17	11	2	7	7	33	26	3	3	3	18	8	10	18	3	3	10	4	5	11	3
ENSG00000100084	8	13	13	11	20	7	14	24	29	9	10	24	31	31	30	13	15	21	19	13	8	15	8	12	19	9	10	17	12	11	11	15	11	27	12	19	12	37	14	10	25	5	8	21	16	22	10	64	17	15	16	30	13
ENSG00000100146	15	6	4	6	27	8	11	32	33	8	8	23	8	12	16	11	13	7	5	10	34	9	12	19	23	7	6	13	9	9	14	23	23	15	2	20	15	25	12	7	8	4	23	8	6	12	4	5	9	9	6	15	5
ENSG00000100345	26	39	31	60	35	27	63	50	57	38	34	48	61	90	62	34	31	58	63	56	24	42	11	14	67	24	26	56	49	25	37	40	45	54	37	74	58	72	40	44	59	20	30	50	34	65	46	21	42	48	23	86	64
ENSG00000100393	9	6	5	14	13	8	8	15	19	6	6	26	14	34	12	8	14	8	8	5	6	14	10	9	14	10	10	11	13	6	11	18	8	10	11	22	7	13	15	13	22	5	7	8	8	13	10	7	11	10	10	8	7
ENSG00000100473	8	11	3	8	13	6	6	20	21	2	5	10	3	4	4	11	6	10	9	4	5	3	3	9	11	8	1	9	9	7	11	10	10	5	1	10	14	12	9	4	9	1	34	7	5	7	3	22	10	7	6	4	3
ENSG00000101076	11	9	7	7	21	7	10	16	19	7	3	15	5	16	4	10	6	14	10	8	6	20	3	4	6	55	50	37	11	4	2	12	20	14	11	29	14	9	66	27	4	12	55	15	14	14	3	9	5	9	6	13	12
ENSG00000101115	15	13	15	14	22	10	9	35	27	2	1	1	2	1	8	12	7	9	7	6	9	3	7	13	6	17	14	24	21	10	10	13	15	7	0	4	6	1	4	16	3	17	13	6	4	7	4	1	4	8	3	8	6
ENSG00000101146	6	6	9	8	17	5	14	14	20	5	6	13	13	19	13	13	19	14	11	6	8	5	5	6	12	6	6	11	10	8	10	15	7	7	4	14	12	17	8	12	12	8	17	14	9	10	7	10	5	12	9	15	12
ENSG00000101384	24	33	32	18	29	14	30	42	32	24	12	8	7	9	13	15	19	15	16	59	8	17	25	29	39	23	22	69	34	32	44	39	24	21	13	39	52	35	17	53	26	7	39	29	36	45	24	7	21	34	16	82	38
ENSG00000102974	13	9	6	13	12	6	18	24	21	7	13	47	27	38	19	14	22	28	17	13	20	11	8	10	16	10	11	27	13	19	17	21	11	36	8	37	15	31	10	17	25	7	22	9	14	22	19	13	14	12	14	19	15
ENSG00000103197	11	9	7	18	25	7	26	34	34	7	9	28	18	21	13	12	16	32	31	7	11	19	4	8	39	10	13	64	27	32	30	24	36	37	20	67	21	43	16	35	9	8	18	15	21	25	13	11	18	17	19	16	18
ENSG00000103241	46	37	2	47	76	34	65	73	71	9	1	47	16	7	5	27	16	43	30	16	18	15	12	37	33	20	14	54	62	27	35	24	80	20	10	16	8	12	10	13	3	6	28	7	12	18	11	3	8	32	11	8	35
ENSG00000103449	21	29	18	38	39	15	29	39	45	2	1	1	0	1	2	18	11	24	50	7	7	6	36	55	28	5	5	81	16	24	25	8	23	5	6	12	9	5	3	5	1	1	24	8	9	11	0	0	1	38	25	2	33
ENSG00000103591	7	6	5	6	8	6	9	20	18	5	3	17	11	23	13	7	10	5	5	7	7	3	10	11	6	8	5	13	6	4	6	9	8	11	6	6	7	13	12	15	6	5	2	8	6	11	3	17	8	6	11	24	7
ENSG00000104313	5	5	6	4	10	4	4	12	12	2	0	1	0	0	2	5	4	5	3	3	4	8	10	18	22	1	0	29	9	14	24	3	6	11	5	2	3	9	1	1	1	2	1	6	9	12	0	2	0	9	5	5	11
ENSG00000104447	6	12	11	21	10	9	17	15	11	17	10	18	24	31	20	28	24	20	16	13	11	13	12	17	20	7	3	24	26	24	33	13	10	16	4	33	16	15	7	3	3	3	4	23	20	19	16	34	12	18	45	7	21
ENSG00000104936	34	25	20	26	43	23	23	60	56	14	24	47	28	59	21	29	28	34	29	12	18	34	16	18	39	16	18	81	34	51	53	42	41	35	27	70	39	66	20	54	18	15	31	13	24	39	12	20	30	24	26	24	21
ENSG00000105329	14	12	10	16	15	14	16	29	33	8	29	42	46	61	49	24	25	12	19	9	10	11	8	13	19	9	16	28	21	19	23	34	19	19	9	44	21	31	22	62	13	6	13	14	11	20	14	16	37	15	13	19	13
ENSG00000105372	28	20	5	6	21	16	15	36	47	8	17	47	28	53	31	21	24	17	14	11	7	11	5	9	13	9	11	15	14	11	14	17	16	21	4	23	12	27	20	68	20	6	22	15	16	18	7	19	17	9	6	37	11
ENSG00000105392	18	9	5	4	20	8	3	27	26	2	2	8	3	4	1	6	7	4	2	2	2	2	1	2	1	0	1	13	5	3	3	8	1	7	1	1	2	1	1	20	2	2	3	1	2	6	1	2	4	4	2	3	3
ENSG00000105618	17	15	16	9	20	12	10	24	30	10	18	35	22	31	13	20	21	16	12	13	7	20	8	10	11	11	7	36	13	19	20	32	10	15	5	37	13	36	15	33	19	5	20	8	5	9	6	12	20	9	9	21	9
ENSG00000105974	12	19	12	29	18	9	31	30	14	14	4	14	9	15	13	9	6	50	41	22	15	12	6	9	51	18	7	19	31	26	25	18	16	19	11	26	20	19	12	38	9	13	11	29	27	39	47	15	9	18	43	87	28
ENSG00000106571	20	23	22	23	37	12	27	36	34	28	1	1	1	3	9	18	17	26	25	18	15	13	36	47	33	8	11	45	33	35	35	36	16	17	4	33	25	28	6	4	2	6	8	34	20	18	18	2	5	18	36	33	20
ENSG00000106633	10	11	7	8	19	6	12	21	25	8	4	14	10	11	6	8	8	22	15	10	10	9	8	15	34	6	7	21	9	24	21	23	8	17	4	15	10	22	11	9	15	9	9	7	10	22	4	11	7	12	11	9	12
ENSG00000106683	17	15	10	17	24	10	18	29	36	10	14	30	30	33	13	12	18	26	15	9	9	16	9	14	21	7	11	24	15	23	25	23	17	30	10	45	27	46	17	25	17	9	12	8	14	21	15	11	17	15	20	15	14
ENSG00000106991	19	16	19	30	22	11	23	43	39	8	19	42	24	35	27	34	35	24	20	3	5	26	5	12	36	8	3	52	27	41	26	51	25	28	8	97	31	49	15	21	11	28	20	10	17	26	28	17	29	23	19	4	18
ENSG00000107262	6	7	8	7	7	5	12	12	15	6	4	15	12	19	7	12	10	14	9	7	8	6	6	7	6	9	7	11	9	10	7	15	4	9	7	9	6	21	15	16	19	20	4	16	11	11	9	15	6	8	8	38	8
ENSG00000107485	64	54	42	37	71	42	12	76	82	21	2	67	61	74	72	66	56	30	20	19	27	58	36	52	49	15	19	80	59	45	43	57	50	78	2	9	5	8	18	18	19	3	17	31	16	19	59	12	16	31	7	42	22
ENSG00000107779	20	24	13	16	19	12	17	41	26	7	2	21	14	13	7	10	13	15	15	6	11	17	15	23	47	14	17	32	23	25	21	11	20	14	9	28	11	19	19	13	20	9	8	9	15	20	3	29	8	10	19	11	12
ENSG00000107831	25	18	10	9	40	13	11	58	42	7	6	42	24	49	23	19	23	23	17	7	11	21	12	14	17	17	9	42	13	16	19	18	21	21	6	21	11	24	16	18	20	3	26	7	6	18	6	7	20	10	11	16	11
ENSG00000107859	14	16	11	16	28	8	23	21	21	14	17	47	19	48	23	21	22	20	24	15	13	21	12	15	17	11	19	31	23	22	21	30	16	23	11	17	21	36	21	22	16	10	19	22	24	26	10	16	14	19	19	19	14
ENSG00000108557	35	29	23	54	40	23	35	56	49	26	15	52	47	57	29	30	38	38	34	21	22	42	30	40	47	33	38	58	39	47	48	40	42	51	24	63	35	65	32	57	28	14	34	24	21	40	24	17	24	37	36	40	32
ENSG00000108753	20	17	7	18	24	9	13	30	25	1	11	20	24	26	14	24	22	18	11	9	8	7	7	12	6	28	25	44	31	15	16	17	10	14	19	3	38	3	26	30	21	2	15	8	8	17	4	1	17	15	4	3	6
ENSG00000108821	23	20	21	62	32	24	52	47	45	11	14	40	17	24	11	14	13	64	48	13	11	15	7	8	63	15	8	75	46	55	49	43	60	48	12	107	32	45	9	43	15	14	31	15	47	83	3	23	20	51	65	22	53
ENSG00000108883	11	12	5	16	21	5	17	30	29	8	18	32	13	27	14	18	14	19	23	10	9	23	19	21	19	17	9	17	7	12	20	9	11	10	5	25	12	25	13	38	17	7	18	14	15	19	12	12	18	20	15	19	19
ENSG00000108946	8	8	5	15	6	2	13	13	21	13	9	29	15	34	23	16	15	15	14	6	15	26	11	13	37	6	7	25	24	28	24	15	14	20	14	39	20	33	11	14	23	10	17	13	19	12	16	13	15	8	12	49	9
ENSG00000108953	12	14	8	20	9	12	17	26	23	7	9	27	14	34	21	11	12	24	17	5	11	19	5	8	34	10	10	33	19	12	12	15	9	7	4	34	11	38	18	24	40	17	12	10	13	18	7	12	14	15	13	49	21
ENSG00000109062	33	22	29	30	51	22	24	50	51	14	32	52	50	64	49	37	38	44	28	16	18	22	24	23	18	43	41	60	37	33	32	65	43	41	17	56	47	72	57	45	41	19	54	16	25	34	15	23	50	18	23	41	16
ENSG00000109099	14	13	17	18	13	8	25	29	20	14	13	7	11	7	7	17	7	28	21	9	14	27	11	15	35	13	10	25	23	21	21	21	14	17	14	31	26	50	18	36	2	8	11	10	27	32	17	15	12	22	34	20	23
ENSG00000109132	18	12	1	1	28	12	1	19	20	1	0	0	0	0	0	8	3	6	5	6	2	16	5	12	2	2	0	7	4	0	3	3	11	0	0	0	0	0	0	0	0	5	0	3	0	0	2	0	0	0	0	1	0
ENSG00000109339	7	16	6	6	10	4	6	14	14	2	1	3	1	2	2	3	3	7	6	4	3	9	17	14	3	4	2	6	9	5	4	10	4	2	1	7	3	2	2	4	1	4	1	3	4	5	3	0	3	9	10	6	7
ENSG00000109670	5	9	3	9	4	6	7	6	9	10	6	10	10	17	10	6	6	10	9	11	9	6	9	10	30	5	4	6	7	6	6	6	4	7	4	7	4	10	11	4	25	7	5	11	12	12	5	14	7	6	16	21	7
ENSG00000110713	11	11	15	22	9	5	15	25	20	10	15	32	27	46	26	21	22	19	16	11	12	14	7	8	19	10	12	21	21	12	11	26	14	17	7	33	14	26	15	20	21	16	7	13	12	19	8	26	21	11	14	31	8
ENSG00000111046	15	13	5	8	14	8	8	22	12	2	0	1	2	0	0	7	3	10	7	6	2	2	9	14	12	3	5	17	18	46	47	9	6	5	4	3	2	48	1	2	3	3	2	2	52	52	4	3	0	9	7	3	7
ENSG00000111276	18	19	10	33	27	19	36	34	37	19	30	30	44	69	39	32	42	32	31	19	17	46	30	33	38	38	43	58	43	38	24	35	25	32	31	53	39	31	52	31	29	21	20	28	32	36	26	31	25	29	36	27	36
ENSG00000112246	37	45	6	20	46	36	4	43	32	3	0	16	1	3	1	20	11	45	44	14	6	4	23	44	37	8	9	45	27	33	32	3	36	7	5	1	13	35	4	6	6	3	3	4	14	20	15	1	1	5	23	2	6
ENSG00000112319	8	7	1	10	6	5	10	9	11	4	1	1	1	1	1	5	3	9	7	8	8	13	4	9	7	1	1	14	11	13	15	1	9	5	1	3	1	12	2	14	1	16	1	3	7	10	3	1	1	9	8	1	8
ENSG00000112902	3	10	6	11	8	7	15	8	9	10	2	0	0	0	0	2	2	17	13	12	12	4	7	5	19	17	15	13	16	14	8	7	12	7	5	15	8	8	14	1	4	2	2	8	5	12	4	1	0	11	13	2	12
ENSG00000113522	4	5	2	3	2	2	2	5	4	2	4	2	5	9	4	2	5	5	3	2	4	5	4	4	2	1	4	4	4	4	6	5	1	2	3	2	5	3	3	4	2	3	3	2	2	4	8	6	3	1	3	2	3
ENSG00000113658	5	5	6	2	3	2	5	4	3	8	2	6	3	9	5	5	8	8	11	9	1	7	7	5	5	7	7	5	15	9	8	5	6	8	4	3	7	7	3	10	4	5	6	7	6	7	3	9	4	5	9	16	4
ENSG00000114062	4	4	5	12	5	3	11	19	10	5	8	5	6	11	9	4	6	7	11	6	6	12	4	13	22	5	8	8	9	8	5	6	4	4	4	6	7	13	7	4	17	5	5	6	10	13	9	12	8	11	12	13	9
ENSG00000114861	10	11	8	12	11	6	17	17	12	21	21	19	21	22	13	18	11	18	18	19	8	16	16	26	43	29	25	16	28	19	24	14	36	16	22	23	17	19	22	20	3	11	10	22	12	16	17	16	15	16	11	9	18
ENSG00000115694	8	5	5	11	3	4	5	8	5	5	3	3	5	14	3	9	10	13	13	7	7	8	5	5	8	6	3	9	10	13	13	11	10	10	2	9	8	17	11	6	9	1	25	3	9	15	7	9	2	6	8	6	4
ENSG00000115738	27	19	14	18	21	13	23	24	19	12	16	14	16	25	22	19	23	26	25	12	14	26	24	23	15	19	19	24	19	27	17	24	15	26	19	26	22	24	15	26	10	9	17	10	19	24	15	20	14	19	20	8	20
ENSG00000116030	9	8	7	4	1	5	4	9	8	3	5	2	3	8	4	3	3	4	4	4	3	8	2	1	2	5	4	6	5	2	3	4	2	4	1	6	1	10	6	6	4	4	3	5	4	6	7	7	3	5	5	6	9
ENSG00000116062	10	8	7	3	5	3	11	5	9	4	9	15	6	10	8	6	9	11	13	4	6	18	5	9	3	7	7	10	4	6	4	13	7	4	2	23	6	10	9	18	10	5	8	6	7	8	10	9	9	9	10	4	9
ENSG00000116096	8	10	7	4	13	7	10	11	10	8	7	9	5	7	5	8	8	9	10	9	5	10	10	9	6	8	9	9	7	7	9	6	7	7	7	7	6	9	10	11	7	6	9	8	10	9	6	7	8	9	8	8	10
ENSG00000116254	17	13	4	4	12	15	6	22	16	5	3	6	4	12	5	12	9	21	15	6	4	14	10	11	7	4	4	11	7	6	5	10	8	5	2	8	6	9	4	8	12	6	9	5	9	14	6	12	3	5	11	29	6
ENSG00000116833	24	25	1	6	40	20	4	34	26	3	3	22	11	2	1	15	14	14	22	7	4	3	10	17	21	44	35	16	22	12	15	14	31	10	6	2	35	3	35	18	0	2	7	2	0	4	19	0	12	2	4	1	5
ENSG00000117013	16	8	1	8	21	13	5	17	19	2	2	13	11	17	6	14	12	9	9	4	4	15	6	5	14	7	3	14	19	24	19	14	20	17	5	10	9	20	11	4	9	3	5	2	10	21	2	11	4	3	6	8	3
ENSG00000117118	8	8	3	7	6	6	7	5	8	5	16	11	6	11	7	7	10	9	7	7	3	11	9	10	8	9	5	10	6	13	14	14	7	4	3	24	10	20	7	6	6	6	3	4	6	7	5	6	9	7	9	5	11
ENSG00000117394	9	21	18	23	17	9	22	16	19	18	11	30	19	30	23	15	17	21	26	27	11	26	8	10	43	21	15	13	21	13	17	57	34	15	10	16	15	9	21	21	20	14	27	16	18	28	12	28	8	21	17	55	23
ENSG00000117595	7	7	11	3	3	3	7	5	6	38	3	4	7	7	3	4	3	6	5	39	5	12	2	2	20	29	20	8	9	7	9	7	14	4	12	4	17	7	17	9	4	3	1	48	6	10	5	7	5	9	5	52	6
ENSG00000117707	23	22	9	4	26	20	3	27	24	4	0	4	4	6	0	11	5	10	6	10	6	31	20	23	50	18	10	29	27	26	32	8	24	5	4	26	25	18	15	3	0	0	18	4	10	15	16	2	0	8	10	5	6
ENSG00000118046	17	13	10	25	33	11	16	36	30	16	15	40	24	36	17	20	24	35	27	14	16	23	12	14	29	13	16	34	21	29	27	48	28	27	16	54	26	54	25	17	17	10	40	20	19	24	13	17	31	27	19	22	22
ENSG00000118402	5	10	5	5	7	4	4	7	5	7	1	2	3	8	8	4	6	4	4	4	7	5	6	7	5	2	2	8	4	5	5	9	13	17	1	4	2	1	3	4	1	1	3	5	4	5	6	1	1	4	4	5	3
ENSG00000118762	6	10	7	11	3	4	14	10	10	12	5	3	3	4	2	9	7	14	13	9	18	8	6	6	9	8	6	7	14	8	10	10	7	7	3	8	10	12	11	4	6	3	4	14	11	16	10	2	4	12	13	3	10
ENSG00000119042	27	26	9	13	40	27	16	41	31	11	15	24	17	21	10	30	27	28	19	13	11	16	56	77	21	19	21	25	26	28	24	14	30	16	6	10	11	11	15	17	2	6	14	9	12	15	10	17	13	19	21	4	23
ENSG00000120071	55	41	38	32	45	29	15	52	42	12	12	22	22	65	33	24	15	16	15	15	16	18	13	12	27	15	16	14	17	17	18	31	15	40	10	19	19	17	24	63	70	9	15	14	22	25	26	44	28	21	15	51	22
ENSG00000120149	23	21	29	7	39	23	9	35	25	7	1	0	0	0	1	4	3	7	5	6	4	3	5	10	7	6	4	8	12	3	2	33	9	1	2	1	3	3	7	8	0	1	1	4	8	12	0	0	1	5	2	4	11
ENSG00000120738	27	17	7	12	17	22	21	26	18	10	14	25	14	34	21	13	16	25	20	11	9	13	21	17	15	14	16	11	19	19	18	16	15	15	11	26	13	28	10	26	7	6	17	9	12	24	8	16	6	18	17	16	19
ENSG00000121022	8	6	9	13	9	3	11	12	9	5	8	8	8	13	15	9	11	12	8	6	4	10	6	7	10	11	12	13	12	6	7	11	7	10	4	7	10	14	10	13	11	6	7	6	8	7	8	15	7	6	9	24	8
ENSG00000121454	26	16	4	10	23	14	8	37	27	7	8	18	6	12	8	18	12	16	14	9	10	14	11	21	11	5	5	13	20	19	25	14	23	12	0	4	1	5	11	14	3	6	19	8	15	24	2	12	11	4	11	2	5
ENSG00000121774	6	10	4	8	7	6	7	12	10	5	6	12	10	21	8	9	6	12	10	7	7	8	6	7	6	7	9	8	7	5	7	8	4	8	5	19	9	11	13	7	16	6	4	4	12	18	10	21	5	7	9	9	7
ENSG00000122304	16	5	13	7	13	11	15	32	35	4	10	24	18	24	11	14	17	13	12	8	5	10	7	10	14	7	2	35	25	12	10	30	14	22	12	21	8	10	10	10	10	6	39	5	11	14	5	8	14	11	9	7	8
ENSG00000122512	3	7	7	7	7	6	10	13	20	6	6	13	11	13	8	8	8	14	11	9	6	10	6	11	12	6	9	21	11	12	10	21	11	11	7	14	9	26	22	16	13	11	19	7	10	10	7	23	11	6	9	21	7
ENSG00000122691	24	18	20	23	34	14	19	37	25	10	1	16	4	2	5	42	42	44	50	15	18	21	31	46	37	2	3	34	28	33	40	30	37	13	1	8	8	4	0	4	2	1	2	9	16	21	5	3	9	16	45	7	23
ENSG00000123066	18	23	15	27	32	13	25	29	31	10	20	26	14	33	24	23	19	33	23	19	6	14	19	34	29	18	16	23	33	23	26	27	17	24	7	32	6	10	23	34	5	9	6	11	24	21	16	40	28	13	23	34	16
ENSG00000123080	15	15	6	15	27	14	17	19	16	15	10	21	16	17	14	17	17	10	12	6	31	15	9	14	21	17	10	20	21	18	27	16	22	9	8	42	16	18	18	45	11	27	9	13	34	35	14	34	14	14	33	8	20
ENSG00000123500	6	7	2	6	3	3	4	4	7	3	1	1	0	2	1	2	1	4	4	3	8	7	2	2	7	1	1	1	6	1	1	0	3	2	0	2	3	0	1	2	3	2	2	2	10	8	3	5	0	7	5	3	9
ENSG00000124089	3	5	2	1	6	2	4	8	3	6	2	0	1	1	1	4	2	0	5	8	6	5	4	7	2	0	2	5	4	4	1	6	2	5	2	3	2	0	1	8	3	3	8	12	4	4	0	3	2	3	2	9	1
ENSG00000124205	3	3	8	0	19	4	2	10	11	1	2	0	0	1	0	1	1	0	0	4	1	2	7	8	0	15	13	21	24	15	12	8	11	4	3	5	15	5	17	5	0	0	8	3	3	1	0	0	1	1	4	6	0
ENSG00000124802	2	10	4	8	2	1	8	5	6	5	5	2	2	5	4	3	2	14	13	5	6	12	8	9	3	4	3	3	4	2	4	6	4	4	7	5	7	6	2	8	3	5	11	5	5	7	9	11	3	6	8	6	7
ENSG00000124813	9	10	5	14	16	10	16	15	11	12	17	13	21	26	19	21	26	27	18	13	16	11	6	7	19	14	3	16	24	14	9	7	12	26	3	14	7	12	7	4	1	9	7	11	16	18	7	17	12	14	17	10	17
ENSG00000125378	25	25	31	16	35	16	21	42	36	4	1	1	2	1	1	15	17	22	19	10	6	19	11	18	26	25	27	35	30	17	20	23	21	16	5	20	16	17	25	8	2	0	25	12	12	14	32	0	3	13	16	14	17
ENSG00000125398	27	22	18	23	43	17	32	41	43	22	1	6	3	1	1	15	15	34	21	14	9	15	38	48	28	28	29	36	39	31	41	4	33	12	23	5	22	20	34	34	17	7	19	22	20	21	1	0	1	37	18	35	35
ENSG00000125618	12	8	0	5	14	10	5	16	15	6	5	5	2	6	3	11	10	11	13	10	6	6	1	1	9	27	13	15	11	7	5	3	21	3	9	1	12	6	12	8	2	0	10	4	11	12	2	1	8	7	9	7	6
ENSG00000125813	38	25	9	3	60	30	5	55	55	4	1	1	2	2	1	8	11	1	6	4	7	7	8	23	13	3	2	26	14	13	17	18	14	18	1	4	2	9	4	9	2	1	25	5	2	7	2	2	3	3	4	6	1
ENSG00000125965	16	8	10	13	20	15	22	31	30	7	5	34	15	26	12	10	15	16	17	10	6	12	6	10	8	9	12	26	11	20	17	17	15	20	8	25	9	24	12	17	9	7	32	12	11	12	13	19	14	10	15	20	13
ENSG00000126561	17	13	17	16	22	15	16	46	31	10	16	53	43	64	30	36	32	33	23	9	19	32	10	13	21	17	20	45	26	33	24	49	35	43	10	63	29	40	19	28	21	11	30	10	11	21	12	47	26	18	13	14	16
ENSG00000126581	6	8	5	15	10	5	12	13	14	8	4	31	13	29	15	13	8	15	10	7	14	11	6	6	9	9	9	23	12	9	11	12	12	11	10	22	17	27	8	28	15	8	12	10	9	12	10	11	16	13	12	21	11
ENSG00000127152	36	24	20	6	38	25	5	48	44	9	1	5	54	56	47	22	23	12	16	15	7	32	37	51	20	12	17	41	33	37	31	16	31	50	6	11	9	9	38	12	8	3	15	14	4	12	4	3	4	11	18	47	7
ENSG00000127922	6	5	7	6	7	6	4	19	16	9	1	4	3	4	4	8	7	6	3	7	4	5	4	6	7	3	1	7	7	2	2	15	2	6	2	6	4	6	3	3	6	3	8	12	7	6	7	5	2	2	7	31	5
ENSG00000127990	11	7	15	8	9	4	9	20	18	23	3	11	9	15	8	9	16	13	8	13	4	60	12	13	16	12	10	25	13	33	39	38	6	12	5	24	12	14	10	11	10	7	22	32	12	16	14	6	8	19	10	12	16
ENSG00000128573	16	14	15	14	20	9	10	21	23	7	9	17	13	13	7	21	16	18	21	11	13	23	22	32	15	19	22	20	32	28	31	18	17	16	14	25	17	23	23	7	7	10	10	5	10	16	13	1	18	17	18	16	17
ENSG00000128714	52	48	15	9	81	42	5	65	54	7	7	50	18	51	16	38	25	29	34	7	17	24	26	52	55	11	12	69	53	64	67	12	51	26	1	10	3	9	12	15	2	5	17	9	4	9	10	13	13	3	8	3	1
ENSG00000128917	34	23	14	29	42	21	19	68	54	6	16	50	39	48	26	30	27	32	26	16	14	23	17	23	25	25	30	50	47	31	41	38	45	51	16	27	19	44	38	22	21	24	44	14	17	29	20	18	28	14	14	15	9
ENSG00000128918	15	12	14	13	19	12	10	24	24	6	8	9	4	11	8	13	12	12	9	13	9	30	5	9	18	10	8	44	23	12	15	15	11	40	4	16	8	12	11	20	3	7	7	14	7	12	18	46	12	5	9	18	5
ENSG00000129757	38	15	17	23	42	33	22	57	57	12	29	45	32	49	28	38	36	33	30	15	17	34	22	30	31	32	27	74	41	53	51	49	46	44	20	64	36	48	30	31	9	18	23	27	11	26	18	22	31	20	18	20	18
ENSG00000130164	12	12	9	41	8	10	17	39	30	19	20	28	19	36	19	22	24	21	27	19	12	62	19	25	19	13	22	33	18	25	27	33	27	16	24	64	33	37	30	15	19	22	19	38	14	17	13	33	25	21	32	44	19
ENSG00000130635	18	18	29	33	24	9	26	28	28	7	0	12	4	9	3	15	12	41	35	11	5	14	13	18	21	10	7	35	27	36	55	23	23	16	4	43	12	31	4	19	1	22	7	4	19	27	7	0	3	26	31	17	25
ENSG00000130675	57	37	1	6	69	39	8	81	66	6	0	30	15	18	1	32	38	30	14	16	12	9	12	21	21	32	41	43	22	12	13	12	44	26	14	8	27	11	43	16	12	3	34	13	3	12	2	36	2	4	4	11	1
ENSG00000131979	6	7	8	14	14	5	15	14	17	9	14	12	11	23	25	14	11	11	12	9	10	24	8	11	11	6	8	12	18	10	10	16	8	10	6	12	13	10	12	13	16	7	3	8	10	15	6	8	13	8	8	10	9
ENSG00000132170	4	1	10	10	7	1	9	4	2	5	14	1	0	1	3	3	2	18	16	7	5	3	1	2	2	8	5	10	15	4	4	23	12	2	5	33	4	7	15	16	2	10	3	6	6	5	3	0	14	6	13	5	8
ENSG00000132464	0	1	1	0	1	0	1	0	0	1	0	3	0	1	1	5	1	2	1	1	4	2	5	3	4	4	3	8	5	1	1	3	7	12	6	1	3	3	4	3	2	1	0	1	4	2	3	1	1	1	2	1	1
ENSG00000132781	10	30	11	8	12	13	7	18	15	7	5	14	12	19	8	9	7	17	17	15	10	14	6	7	12	13	8	14	7	12	9	28	13	13	10	15	9	16	16	8	12	14	11	7	7	11	9	16	8	4	10	12	3
ENSG00000133895	8	8	5	11	19	8	7	20	35	5	18	43	27	43	18	15	28	17	11	8	5	19	6	8	15	12	9	41	17	24	27	33	23	28	5	46	23	40	11	18	16	10	16	10	7	7	7	10	20	7	7	15	5
ENSG00000134086	5	6	5	2	4	2	5	9	5	3	8	12	8	12	8	14	6	7	7	2	2	5	3	3	1	2	5	3	4	7	6	10	3	6	3	6	3	9	4	12	12	7	7	4	1	3	2	14	8	3	5	3	4
ENSG00000134121	5	4	0	0	6	1	0	0	0	0	0	9	6	0	0	2	1	0	0	0	5	0	19	26	0	0	0	4	2	1	1	0	4	0	0	12	0	4	0	0	1	0	0	0	0	0	0	0	0	0	1	0	0
ENSG00000134245	17	14	15	14	19	9	10	15	18	4	4	10	8	8	5	6	5	20	20	6	3	8	12	7	8	6	4	7	16	12	9	16	17	8	4	23	3	8	5	3	4	3	2	3	10	11	7	7	4	10	9	10	11
ENSG00000134323	14	8	14	4	9	11	1	20	23	8	0	0	0	3	0	9	7	2	1	1	2	8	13	13	7	16	9	14	11	6	7	16	14	12	4	12	4	6	7	6	0	0	6	1	6	11	3	1	2	1	1	1	0
ENSG00000134371	7	12	10	6	4	8	7	10	9	6	7	11	7	10	5	3	6	15	11	6	11	17	6	6	11	10	10	6	9	6	8	5	11	4	5	12	9	12	11	10	10	7	10	9	11	9	11	29	6	8	12	12	8
ENSG00000134571	9	6	5	6	14	4	5	23	27	3	13	13	12	16	11	17	13	9	6	4	6	14	3	6	55	2	1	19	10	7	10	27	13	14	4	9	11	27	9	18	13	21	18	5	2	4	2	12	35	5	10	11	5
ENSG00000134760	5	2	5	3	5	5	1	14	8	5	1	0	1	2	0	0	1	0	0	4	1	2	1	3	8	2	2	8	4	6	8	12	4	4	4	2	8	2	5	2	3	4	2	7	1	1	4	3	1	4	1	10	6
ENSG00000134982	3	10	6	8	7	4	7	9	8	3	3	6	3	14	5	11	9	11	9	8	6	14	4	9	6	10	6	5	10	4	4	5	6	6	3	8	7	5	5	6	6	6	2	3	9	13	8	15	4	9	11	5	11
ENSG00000135100	12	7	4	5	12	6	8	33	25	5	2	6	8	15	7	6	3	6	2	8	8	4	2	4	3	33	27	42	14	4	2	17	33	9	16	4	16	8	35	37	7	3	24	5	3	7	4	10	6	2	6	9	2
ENSG00000135111	67	67	70	47	86	50	64	95	82	32	1	3	3	4	3	23	21	54	52	34	15	56	19	53	70	34	22	88	69	60	57	54	59	22	5	52	10	31	31	27	0	21	30	28	13	19	5	1	3	44	32	22	40
ENSG00000135318	6	4	2	13	3	4	16	7	10	8	3	6	2	9	6	8	8	35	29	20	13	9	5	9	8	8	2	6	9	21	25	13	8	12	3	21	11	13	7	12	10	9	5	12	18	22	20	0	3	17	37	41	22
ENSG00000135903	42	33	4	6	76	36	1	44	43	1	9	8	2	7	0	27	24	24	15	5	31	4	15	46	35	3	2	21	26	29	36	1	38	5	2	4	2	9	7	2	4	1	6	2	8	13	3	2	23	19	16	1	20
ENSG00000136160	8	17	24	12	11	6	5	23	25	3	4	2	1	0	3	7	4	6	2	3	39	18	12	13	22	17	17	26	36	9	12	10	4	11	2	18	13	10	0	0	4	1	0	3	9	11	6	0	8	6	8	3	5
ENSG00000136352	41	42	10	7	50	17	4	48	54	5	0	0	1	0	0	25	20	7	4	11	11	4	13	31	9	1	3	31	55	13	15	5	20	8	0	4	5	4	3	10	2	0	44	10	2	5	1	0	1	21	4	2	20
ENSG00000136488	17	9	4	5	15	12	6	29	22	3	5	34	25	19	10	8	9	9	8	4	3	7	3	9	7	0	1	19	6	7	7	36	6	13	1	15	4	10	3	14	10	3	4	7	6	8	7	9	9	3	6	5	2
ENSG00000136531	2	5	3	3	3	2	2	3	4	3	1	5	2	2	1	3	4	5	2	3	4	6	6	10	3	1	1	2	4	2	2	3	3	4	4	4	2	3	1	3	1	2	2	3	4	3	2	1	1	4	9	2	4
ENSG00000136574	39	60	6	42	98	42	7	73	62	6	1	62	29	6	8	37	29	23	15	10	10	19	16	34	60	59	61	52	25	21	18	30	48	13	36	89	42	3	72	3	1	2	19	9	2	13	2	2	3	11	6	6	5
ENSG00000136854	11	14	9	8	18	11	17	34	27	9	9	16	19	15	14	20	12	13	13	11	15	14	10	15	17	10	7	19	13	11	12	14	7	8	6	28	13	9	5	19	5	16	9	11	11	14	6	16	12	13	11	19	10
ENSG00000136931	29	12	8	7	30	23	6	43	43	2	1	8	1	6	1	26	21	17	3	5	8	63	9	8	15	2	1	22	12	8	11	10	8	21	0	32	4	3	8	15	5	6	29	7	2	5	1	13	5	4	3	7	2
ENSG00000136944	39	37	7	13	50	26	6	59	60	14	3	37	17	27	38	33	33	23	18	11	12	14	16	26	37	8	8	65	31	34	30	12	36	22	3	10	9	14	7	18	2	4	16	30	7	18	4	2	9	4	7	12	3
ENSG00000137090	12	11	2	0	13	5	2	16	16	3	1	7	1	0	1	8	7	0	0	4	0	0	2	8	4	1	1	13	3	8	6	9	1	3	1	0	1	1	1	3	5	1	4	1	0	1	1	2	0	2	0	4	1
ENSG00000137309	21	27	14	23	22	19	23	34	28	17	25	36	24	43	18	28	20	24	32	17	10	15	11	8	17	16	17	19	14	17	17	28	15	20	10	18	15	33	20	21	22	19	20	14	7	19	13	26	24	16	17	22	20
ENSG00000138083	43	56	1	6	60	34	4	72	56	5	2	42	13	4	3	27	26	27	25	16	13	7	21	10	6	2	1	29	24	14	16	5	28	10	4	2	7	6	3	14	7	3	15	5	8	11	5	1	1	22	16	3	20
ENSG00000138160	10	8	10	24	10	5	22	19	13	14	11	15	14	24	12	12	15	18	18	14	11	12	12	17	16	13	10	15	15	10	12	14	9	15	11	17	13	8	15	18	12	10	6	15	13	16	21	14	16	18	20	22	16
ENSG00000138279	8	10	7	4	14	6	10	13	12	6	5	14	10	9	7	7	7	11	6	5	1	3	8	12	7	3	6	14	9	11	11	14	5	12	6	11	6	15	4	5	6	7	6	3	8	5	5	22	4	4	7	18	6
ENSG00000138326	26	9	8	13	15	15	26	39	30	10	7	21	10	35	14	12	13	29	24	9	14	17	22	17	22	10	14	41	14	19	20	13	16	19	10	42	18	55	13	19	29	14	13	9	12	16	22	31	11	14	13	39	18
ENSG00000138449	5	7	7	9	5	3	8	6	3	3	5	2	4	7	4	10	7	9	5	5	5	12	4	2	8	18	9	14	17	12	7	15	6	4	3	15	8	9	19	6	0	2	5	2	9	4	10	10	7	7	10	2	9
ENSG00000138463	4	3	9	6	1	5	10	6	7	10	7	3	6	6	5	4	4	7	10	9	8	6	7	6	3	8	6	7	4	4	7	14	3	6	5	5	5	15	9	10	4	4	3	12	9	8	4	5	9	9	12	17	10
ENSG00000139083	18	11	19	19	10	13	16	35	33	18	23	22	17	27	19	25	24	20	14	12	10	17	17	18	29	9	16	24	21	26	23	24	14	41	13	17	14	18	15	14	20	4	7	12	18	33	12	13	21	20	14	20	24
ENSG00000139219	18	18	18	12	29	12	13	34	31	4	1	28	17	25	11	11	12	18	15	12	9	20	14	22	23	21	25	33	24	22	24	25	24	17	9	14	11	20	14	14	3	4	12	6	12	17	10	6	6	13	11	11	9
ENSG00000139618	7	5	5	12	7	5	10	9	12	5	9	15	9	19	13	15	15	10	10	4	8	5	4	13	11	9	6	18	9	8	12	10	7	13	6	12	7	13	8	4	4	3	7	7	10	12	10	5	10	9	15	8	8
ENSG00000139687	4	5	4	6	8	3	3	16	9	8	10	29	19	43	21	14	18	9	8	10	8	13	11	15	21	22	12	24	20	12	19	21	19	21	9	13	12	19	15	4	10	3	15	9	8	9	5	8	14	3	8	14	5
ENSG00000140262	11	13	8	16	22	13	17	25	22	10	6	12	11	17	10	9	10	20	14	8	15	14	11	29	22	13	15	35	45	38	54	9	22	32	15	22	14	11	22	13	13	15	5	13	17	24	16	25	10	24	24	15	21
ENSG00000140416	35	29	49	56	43	16	53	54	49	29	9	18	8	24	16	27	16	29	30	22	11	41	11	19	55	23	31	64	38	51	41	30	43	15	17	69	42	52	30	70	5	17	38	30	42	72	29	19	7	58	26	30	61
ENSG00000140443	17	18	19	18	20	20	20	41	31	24	15	21	20	30	21	18	20	21	19	16	12	41	15	19	48	13	12	22	19	12	17	20	8	20	15	32	16	16	22	36	8	14	16	26	13	20	21	8	19	18	16	29	19
ENSG00000140459	19	23	21	13	17	15	18	40	35	10	14	35	24	24	15	19	33	19	18	16	4	54	7	12	10	9	8	36	15	22	23	59	14	31	6	64	15	18	11	11	21	16	16	10	16	22	14	12	14	21	11	16	19
ENSG00000141030	5	5	7	4	8	5	11	15	14	4	10	21	9	17	8	7	15	10	10	5	3	5	6	11	6	5	4	10	7	11	9	7	7	7	6	11	7	11	5	21	27	4	2	7	7	6	5	14	10	5	9	17	4
ENSG00000141448	26	38	15	21	42	22	25	47	39	10	2	2	3	25	22	23	21	11	14	10	10	66	19	27	36	62	64	58	47	18	21	42	56	14	42	66	52	14	55	11	1	8	14	18	13	18	31	21	11	24	8	9	23
ENSG00000141510	19	11	11	7	17	10	10	30	35	3	10	40	19	22	10	12	14	16	10	3	7	17	14	16	12	11	7	34	17	17	14	18	16	12	5	25	12	20	14	23	13	4	11	6	10	13	7	13	9	12	9	32	11
ENSG00000141646	14	14	10	14	10	10	15	36	22	7	10	22	15	31	12	14	12	14	10	11	12	19	8	14	17	14	13	21	15	8	9	19	10	12	10	11	14	15	10	7	16	4	10	10	12	10	12	19	10	13	14	13	12
ENSG00000142156	24	23	12	27	28	22	43	43	44	8	6	27	20	31	16	17	17	61	67	8	8	19	17	18	31	23	14	45	27	45	45	29	27	31	10	82	25	45	6	6	2	3	31	11	17	22	5	10	12	24	58	7	17
ENSG00000142731	2	5	5	8	5	2	8	3	2	3	3	2	4	6	2	6	2	4	7	5	3	2	3	4	4	4	2	2	1	6	7	5	2	3	3	4	2	1	2	4	3	4	2	5	4	4	6	13	1	4	5	6	7
ENSG00000142871	18	20	21	21	9	22	19	23	24	18	0	9	2	0	0	12	15	20	22	18	8	7	11	13	20	17	9	25	20	15	11	14	16	10	14	21	25	18	13	26	1	13	11	14	32	27	20	7	0	19	17	16	28
ENSG00000143252	5	9	5	5	8	5	7	7	12	6	7	8	11	16	9	9	6	6	6	6	7	14	3	2	6	5	5	5	4	9	4	5	3	6	2	9	6	5	11	4	8	3	8	4	5	7	6	11	6	4	6	6	3
ENSG00000143368	10	10	8	9	16	7	10	13	10	8	11	7	10	12	7	10	9	11	11	7	6	12	10	9	8	13	11	11	7	14	16	12	17	11	8	21	11	19	16	12	6	6	7	5	9	10	8	14	10	7	10	8	8
ENSG00000143514	7	17	12	11	5	5	17	5	5	8	19	6	8	15	12	8	9	15	13	9	10	9	8	8	14	7	6	8	15	8	5	10	9	9	7	8	12	15	6	14	9	7	4	5	13	11	11	31	13	10	11	11	12
ENSG00000144285	0	2	0	1	0	0	9	2	1	2	8	0	0	0	1	1	2	8	9	2	3	10	7	7	0	0	0	1	11	5	1	1	0	0	1	0	2	0	0	3	0	8	4	2	8	4	16	2	9	6	6	0	7
ENSG00000145335	6	6	0	5	7	1	1	5	4	4	6	5	5	6	1	5	4	9	7	7	14	8	4	4	7	6	1	7	8	5	5	8	6	4	0	10	1	2	2	1	1	0	0	8	1	0	8	4	4	4	3	6	4
ENSG00000145362	7	10	4	7	7	7	6	8	5	4	2	3	1	1	1	2	3	15	15	5	6	7	10	7	16	5	4	6	14	35	37	5	12	8	2	15	5	8	2	2	7	2	1	4	9	9	7	1	1	7	14	6	7
ENSG00000145675	6	9	9	11	7	4	10	9	6	16	9	11	12	25	18	17	18	22	13	8	12	11	13	14	36	21	12	13	21	15	18	15	10	14	8	20	12	17	18	7	16	1	5	14	8	11	14	12	12	12	15	15	11
ENSG00000145715	3	6	3	2	3	4	8	5	7	6	3	5	7	16	5	3	2	3	5	1	2	3	2	3	3	8	7	4	3	3	5	25	6	7	3	5	4	5	5	7	6	2	2	4	2	5	5	9	2	3	6	3	5
ENSG00000147883	13	21	15	23	34	11	18	26	27	16	18	29	24	38	17	25	19	35	19	14	12	11	11	28	12	9	16	16	10	14	13	10	13	20	6	16	9	12	17	0	12	15	4	16	18	16	13	0	14	22	17	35	23
ENSG00000147889	28	33	18	31	48	17	30	38	35	18	24	43	45	49	30	29	30	47	36	27	23	15	13	40	18	16	20	23	19	20	23	15	30	34	7	17	12	13	22	0	14	24	7	22	24	30	25	0	33	28	25	43	30
ENSG00000148400	37	17	7	21	57	23	18	80	54	18	43	58	38	58	46	46	38	26	18	19	11	12	36	33	38	21	22	85	42	45	46	51	47	62	13	55	37	50	46	26	28	26	29	36	14	30	24	10	55	25	19	49	15
ENSG00000149311	5	9	6	13	9	3	11	17	11	6	9	22	28	53	34	12	13	13	8	5	12	14	6	11	9	4	9	14	9	5	9	9	8	23	6	8	10	10	9	4	24	4	8	4	5	8	4	32	15	10	13	18	7
ENSG00000150907	37	35	23	17	21	31	6	53	42	13	13	34	40	39	19	28	23	17	17	18	14	31	15	19	23	20	19	24	32	22	27	17	14	19	10	51	26	32	24	11	25	4	15	20	30	36	31	20	18	21	15	22	24
ENSG00000151322	13	18	8	16	18	7	8	27	20	5	0	1	1	1	1	16	13	12	10	8	11	22	22	31	21	6	8	20	24	20	25	13	19	23	4	14	12	13	3	4	1	0	24	8	10	14	7	4	3	12	13	4	13
ENSG00000151348	11	6	3	9	12	5	9	15	14	7	8	12	7	14	15	9	12	12	11	8	8	7	11	12	12	11	9	12	5	12	14	11	8	14	4	12	7	15	8	7	5	5	5	7	12	15	11	9	10	9	11	18	11
ENSG00000151702	28	28	12	24	35	18	26	41	49	11	27	36	33	48	36	49	35	21	25	9	17	17	9	14	32	2	4	45	38	20	21	16	21	42	4	13	11	19	9	2	16	1	4	13	11	15	40	3	33	20	18	8	21
ENSG00000151929	10	20	26	29	18	10	24	27	25	16	8	21	16	34	16	14	9	29	27	15	17	21	10	12	30	8	7	38	22	18	24	35	12	23	13	36	19	45	18	25	17	14	17	13	21	31	16	13	11	20	24	44	19
ENSG00000154473	37	35	9	23	39	22	18	50	46	15	4	63	39	81	27	43	37	29	21	17	20	30	24	41	39	13	16	47	29	30	20	16	41	35	5	9	14	13	17	18	31	5	36	20	13	31	15	15	21	14	15	28	13
ENSG00000156970	7	8	5	5	10	6	5	26	21	5	4	13	6	11	7	5	5	4	5	6	2	4	3	6	7	9	5	13	7	6	6	13	5	9	3	6	7	17	11	4	11	5	6	8	5	5	8	8	7	4	8	10	6
ENSG00000157017	6	6	3	3	4	1	4	3	4	2	7	11	7	8	6	8	4	9	9	3	3	7	3	3	10	2	1	8	6	4	3	4	7	4	4	4	6	7	3	11	8	1	6	2	4	7	5	13	6	6	6	4	5
ENSG00000157540	14	18	9	24	16	16	29	25	20	15	16	29	26	48	34	31	34	18	14	22	16	25	8	14	32	12	14	22	23	19	17	25	13	31	12	31	22	30	20	18	29	14	8	18	21	25	20	39	20	11	21	41	15
ENSG00000157764	7	5	7	4	8	4	8	15	11	5	5	22	10	22	9	8	7	3	5	9	7	8	9	14	8	8	11	10	7	6	6	8	6	4	9	11	8	5	7	7	15	4	6	13	5	7	7	38	9	4	9	6	5
ENSG00000158321	13	15	9	4	35	20	1	23	27	0	3	22	8	15	27	18	16	10	7	3	10	17	11	21	16	28	23	18	30	15	19	12	10	23	2	15	14	9	6	4	21	0	1	1	2	9	1	0	7	13	10	3	12
ENSG00000158517	2	2	2	4	2	2	3	2	3	5	9	7	4	2	2	5	3	2	3	5	3	2	1	3	1	1	1	1	2	2	1	5	2	3	1	3	1	7	1	2	7	3	3	3	2	3	2	2	8	2	1	4	2
ENSG00000158828	9	12	7	7	8	5	14	16	12	6	7	9	6	7	6	7	9	9	10	5	7	11	8	6	6	9	6	6	5	6	9	14	6	4	4	7	5	14	9	4	3	6	4	5	6	12	7	9	4	6	11	6	7
ENSG00000158887	7	11	5	7	10	7	8	9	13	6	8	9	12	19	11	11	8	7	6	6	7	14	4	3	7	9	7	6	5	10	6	8	4	9	3	10	7	7	12	6	10	3	10	4	7	9	7	12	7	5	7	6	4
ENSG00000159216	15	22	19	43	26	9	49	18	20	23	26	33	26	52	31	30	26	31	34	28	10	17	14	23	16	25	16	31	32	20	28	26	30	47	31	29	24	25	22	20	15	15	13	29	48	46	27	41	33	42	32	56	34
ENSG00000160710	15	15	9	14	12	12	16	16	14	9	8	13	13	25	14	10	9	12	13	12	9	12	8	11	10	9	9	12	5	6	5	10	6	7	7	12	9	10	10	15	20	6	5	6	13	12	11	17	11	13	16	10	19
ENSG00000161594	11	2	2	5	14	7	7	28	26	2	3	26	11	18	8	6	4	21	18	3	3	9	4	9	3	2	5	19	9	4	14	10	6	6	1	18	5	13	3	22	11	6	17	5	7	11	3	11	9	12	10	7	9
ENSG00000162374	7	6	1	0	5	2	0	5	4	1	2	0	0	0	4	6	7	0	0	1	2	11	10	18	3	3	0	5	3	3	3	3	4	6	0	0	1	2	0	0	1	0	0	0	0	0	0	0	3	1	1	0	0
ENSG00000162599	10	9	6	15	29	13	10	15	13	17	9	21	10	19	17	14	12	18	16	17	13	26	35	53	21	24	9	26	33	36	34	25	22	12	11	32	19	38	16	15	3	15	13	16	21	43	22	27	12	12	26	16	8
ENSG00000162711	4	3	5	0	0	3	0	1	2	3	50	5	4	12	16	14	6	0	2	2	1	1	3	2	1	2	0	1	3	10	7	8	0	5	1	1	5	6	8	0	9	1	0	0	0	0	0	0	24	0	0	1	0
ENSG00000163132	30	38	11	10	50	31	7	40	37	4	1	47	19	10	8	23	17	17	17	11	10	14	15	30	17	19	11	27	21	17	20	8	29	6	1	16	9	5	3	2	3	1	9	2	7	13	6	4	0	4	19	2	3
ENSG00000163931	19	16	19	13	12	11	13	28	21	11	18	11	11	17	6	15	14	21	20	14	11	22	6	6	15	12	10	14	27	13	11	18	19	20	9	14	20	18	15	35	5	17	19	11	10	15	10	12	13	11	16	39	13
ENSG00000164093	41	41	12	36	70	35	9	47	48	2	1	10	1	0	0	31	16	17	16	15	15	5	30	62	47	35	38	31	23	40	42	16	47	9	4	3	3	24	28	5	2	3	2	2	33	27	5	0	2	6	5	2	5
ENSG00000164109	5	7	5	7	9	6	13	6	9	4	7	6	8	9	6	8	7	13	12	5	10	11	6	7	8	6	7	9	15	8	11	3	10	7	3	7	8	8	6	9	6	4	3	6	10	11	9	11	7	9	10	12	11
ENSG00000164190	8	6	11	9	9	8	12	13	7	15	10	9	6	7	5	5	7	9	7	9	8	15	7	12	9	17	12	9	11	7	9	8	7	3	5	14	6	8	14	14	12	19	8	10	8	8	13	19	10	10	11	7	11
ENSG00000164362	6	2	0	0	1	3	1	7	6	1	2	3	6	9	5	5	9	3	2	1	0	1	2	1	0	7	5	3	1	0	1	0	3	18	0	1	0	1	11	5	6	7	4	1	0	1	0	2	0	1	1	1	0
ENSG00000164690	32	27	7	14	45	27	16	28	41	7	4	17	9	8	4	30	27	34	21	18	13	18	20	24	20	23	27	45	36	6	11	13	28	17	12	10	12	8	23	26	3	6	34	13	6	18	6	13	12	13	13	9	11
ENSG00000164692	15	12	19	22	18	8	43	21	18	3	1	4	9	3	3	8	4	56	51	8	8	11	7	8	23	11	10	26	19	54	59	18	21	18	6	54	20	16	5	5	3	3	3	6	23	22	6	2	3	33	55	12	49
ENSG00000165588	37	43	17	1	53	25	4	62	52	1	0	9	1	0	1	27	22	5	0	5	9	5	36	47	22	11	21	44	19	31	38	4	41	10	0	8	0	1	3	2	0	3	2	2	2	2	0	0	2	4	1	2	0
ENSG00000165671	13	13	11	12	14	11	10	15	17	7	10	20	20	34	10	8	7	18	14	5	7	19	10	11	12	10	10	12	11	8	11	14	8	10	8	10	10	19	12	12	9	8	3	4	12	14	9	13	8	7	13	7	9
ENSG00000165699	5	9	7	13	13	3	10	12	12	5	4	15	7	18	6	9	7	11	9	6	4	11	5	13	18	6	4	13	8	6	13	9	4	9	2	11	9	12	7	10	8	8	7	5	10	8	8	20	9	7	8	18	6
ENSG00000165731	16	5	2	5	10	8	3	29	26	5	8	0	4	1	4	26	29	21	15	9	4	13	5	6	9	2	3	19	12	20	12	12	10	11	7	3	9	22	9	11	3	0	9	9	3	13	1	5	13	10	6	15	1
ENSG00000166068	9	11	12	16	13	11	15	21	18	9	8	11	7	15	16	9	9	23	13	8	15	17	9	14	11	9	11	17	26	28	35	15	6	12	8	19	13	10	14	7	8	2	6	11	16	23	10	14	8	10	20	25	13
ENSG00000166147	8	6	5	36	14	7	25	20	17	6	0	6	1	1	0	7	9	21	21	9	7	6	9	12	25	10	2	24	18	26	37	25	14	5	5	25	12	23	3	7	13	13	6	9	22	31	12	3	1	23	46	9	23
ENSG00000166573	14	7	4	6	8	9	6	29	24	2	1	1	1	4	4	4	5	4	3	7	6	14	7	9	1	1	1	17	2	2	3	0	8	10	1	1	0	3	6	3	0	1	4	1	1	7	0	0	5	3	6	5	2
ENSG00000166603	2	3	1	4	4	1	5	9	4	2	0	0	2	0	0	1	3	6	8	3	4	2	5	6	2	3	2	10	9	2	3	2	1	5	1	4	5	2	2	3	0	2	0	6	1	1	0	2	2	4	13	6	5
ENSG00000166949	20	33	27	54	35	16	77	43	43	25	48	63	50	80	68	45	41	42	39	30	25	23	18	17	49	30	28	57	37	47	52	40	43	50	40	89	43	75	38	89	39	24	24	24	40	76	37	34	60	37	36	77	36
ENSG00000167034	18	13	10	12	26	7	13	31	17	8	2	20	9	10	2	15	12	10	8	8	10	7	4	5	11	5	6	14	9	7	9	11	11	14	4	8	10	6	5	7	4	3	3	6	8	14	3	8	10	11	7	5	13
ENSG00000167371	29	24	21	25	30	17	36	51	56	15	18	58	45	62	38	28	32	39	36	20	24	38	24	31	31	35	29	57	27	33	36	47	41	43	21	60	44	52	52	38	43	18	39	26	24	24	22	25	16	30	37	42	30
ENSG00000167522	23	23	20	37	26	21	31	53	45	22	26	44	32	72	38	23	18	31	35	19	17	33	14	27	33	36	23	47	32	42	42	37	28	39	15	67	28	69	39	40	31	14	45	21	32	36	17	31	32	28	25	46	25
ENSG00000167548	16	11	10	13	20	13	16	30	28	10	16	45	29	59	23	13	26	20	14	12	12	19	12	16	13	16	15	36	21	19	20	38	16	26	14	59	24	50	14	42	20	12	14	8	12	19	13	18	26	11	8	19	11
ENSG00000168066	18	11	14	15	28	12	12	43	42	6	18	76	58	88	39	41	54	25	17	8	10	28	9	17	22	12	11	41	23	35	30	20	24	36	8	65	29	54	18	25	49	13	16	18	11	20	11	16	36	13	9	46	9
ENSG00000168137	7	9	8	11	15	9	11	13	9	10	10	10	11	15	11	13	12	14	14	13	8	21	9	7	14	16	14	15	10	11	14	13	11	4	8	18	8	13	16	22	21	8	6	12	14	16	14	35	8	8	17	56	14
ENSG00000168214	12	15	8	10	13	12	13	16	13	6	12	9	13	30	15	17	10	20	20	10	8	16	9	9	11	9	10	9	13	17	18	16	9	10	5	13	8	11	8	8	13	4	4	6	14	16	8	14	13	11	18	6	11
ENSG00000168477	14	6	6	14	9	5	8	11	10	3	6	15	7	14	6	11	9	18	16	4	7	31	7	4	13	13	9	18	19	33	22	16	28	10	10	53	14	27	11	9	11	12	12	3	10	12	5	14	7	5	29	6	5
ENSG00000168496	16	11	13	13	20	11	13	42	38	8	12	42	25	31	18	17	20	17	12	12	11	23	10	13	20	11	6	49	14	12	23	33	23	18	13	47	19	50	13	37	18	14	23	8	9	10	8	33	18	11	11	19	11
ENSG00000168542	4	3	9	26	1	1	16	1	3	2	0	0	0	0	0	0	0	17	15	5	3	10	4	2	17	7	2	11	26	50	48	8	24	6	5	37	11	16	2	10	2	2	2	1	22	24	7	3	0	20	31	2	19
ENSG00000168621	23	19	5	16	26	12	10	22	20	12	0	1	1	1	1	12	11	15	14	17	14	5	9	8	11	5	1	30	10	14	17	14	23	4	3	15	3	7	1	4	3	2	5	7	13	22	8	2	0	14	17	7	13
ENSG00000168924	13	11	5	8	14	7	12	14	15	4	6	15	9	19	13	14	15	19	16	7	7	18	8	7	17	24	14	18	11	12	15	12	18	55	14	15	9	17	30	11	17	5	14	8	9	11	11	21	7	7	16	11	14
ENSG00000169071	13	24	12	17	20	10	25	29	33	9	0	5	2	8	4	13	7	20	11	12	4	12	10	7	24	13	10	30	32	18	18	18	17	15	11	42	11	6	6	10	2	7	5	10	8	12	1	22	2	12	22	13	12
ENSG00000169554	22	27	8	34	36	20	27	29	19	4	39	29	17	28	43	28	24	51	51	6	24	45	45	52	42	9	2	39	52	43	49	20	50	25	5	63	11	42	3	9	4	4	1	2	34	46	20	38	41	22	51	2	22
ENSG00000169598	3	2	3	4	5	5	4	4	6	3	4	8	6	7	2	5	4	6	6	2	6	5	5	6	3	8	4	8	3	5	9	13	5	6	1	3	3	2	7	2	3	1	3	4	6	9	4	5	3	4	4	3	5
ENSG00000169855	7	16	7	6	8	10	8	6	9	4	0	0	0	0	0	6	7	11	12	4	10	14	17	19	5	5	2	8	13	8	13	11	12	6	6	10	5	7	3	8	6	5	6	8	8	7	6	1	0	8	15	6	9
ENSG00000169877	10	5	3	2	13	7	9	17	25	4	1	10	7	8	7	15	10	6	4	7	3	4	4	5	10	6	6	24	20	8	8	9	7	6	10	6	9	12	10	4	1	3	7	6	9	9	5	13	4	7	5	6	11
ENSG00000170322	5	3	7	6	10	3	12	13	13	3	7	8	6	10	9	7	10	8	7	4	3	8	2	10	11	6	7	8	9	4	4	11	4	7	5	7	6	12	5	2	7	3	3	3	4	4	10	12	11	8	7	14	5
ENSG00000170820	1	6	3	3	1	1	2	1	3	0	0	0	0	0	0	0	0	0	0	0	6	6	5	2	7	1	0	1	5	4	3	2	2	0	1	1	3	0	0	3	2	0	0	0	9	13	0	0	0	2	2	0	2
ENSG00000171316	15	20	18	14	20	18	5	28	25	10	7	35	25	34	16	18	12	9	6	8	14	13	13	21	43	16	14	14	30	14	14	12	15	19	6	7	11	14	19	17	25	6	8	10	16	25	10	15	15	12	4	10	15
ENSG00000171456	6	8	7	23	11	4	21	13	14	13	9	26	27	22	19	9	12	16	16	8	10	24	12	15	18	10	9	19	15	7	12	13	16	10	13	20	16	21	8	20	25	10	33	12	17	22	10	16	13	17	18	30	20
ENSG00000171735	6	11	4	12	9	3	12	6	10	9	8	15	11	8	6	11	14	14	13	8	9	22	8	7	9	10	7	8	10	8	7	9	6	7	7	15	5	13	10	9	12	7	3	10	10	12	16	14	6	8	10	9	10
ENSG00000171843	16	19	14	18	27	14	23	20	22	13	10	23	26	40	21	24	27	23	26	10	13	28	27	41	24	20	20	26	38	17	22	16	19	17	16	30	22	16	23	33	28	27	12	13	26	31	19	2	16	21	21	14	22
ENSG00000171862	8	6	8	19	14	7	14	24	22	33	9	28	15	24	20	20	19	23	13	17	28	25	8	13	28	29	19	22	38	19	31	33	24	33	14	37	14	11	24	26	32	27	8	21	29	30	21	29	11	14	24	45	20
ENSG00000173253	21	18	13	0	37	17	5	39	20	5	2	15	6	8	8	21	24	11	12	9	5	5	16	33	19	4	5	34	28	46	50	11	21	22	1	2	14	21	4	5	4	1	1	3	9	12	2	0	11	4	11	3	1
ENSG00000173473	6	12	5	6	7	8	8	10	11	6	7	11	13	14	9	6	12	11	9	6	7	15	7	9	10	8	6	15	7	9	9	13	4	8	6	7	6	8	10	9	14	6	8	6	7	8	6	18	9	9	11	10	8
ENSG00000173575	21	27	15	37	32	21	39	37	26	30	19	67	70	108	73	35	30	32	27	24	32	46	36	57	58	40	34	68	61	51	47	58	53	51	33	89	40	47	53	77	70	35	37	49	38	56	38	46	38	36	39	94	36
ENSG00000173757	17	16	11	15	17	12	15	44	24	8	18	33	40	61	32	27	25	20	22	8	19	28	5	11	12	10	16	28	29	25	19	55	23	24	5	51	24	30	21	26	19	17	16	8	11	21	13	53	20	10	14	11	10
ENSG00000174106	7	9	4	11	5	7	9	8	12	7	9	21	14	21	17	15	17	6	9	8	6	12	8	13	9	12	15	9	13	5	7	5	6	12	6	8	7	2	14	11	16	10	1	8	8	11	9	10	11	9	8	23	4
ENSG00000174405	11	9	8	13	13	4	9	7	13	11	6	21	15	20	17	15	20	9	9	11	4	17	11	14	24	13	6	11	14	11	6	13	11	22	7	9	19	14	15	5	11	7	4	13	8	15	7	11	14	7	10	28	10
ENSG00000174437	12	15	9	16	17	12	22	22	28	9	10	20	12	26	12	11	9	23	16	14	19	30	13	16	54	15	17	26	20	17	20	9	13	15	13	27	18	37	20	51	28	17	12	16	21	19	15	28	13	17	23	59	22
ENSG00000174804	11	20	14	23	9	9	15	21	28	4	4	7	6	7	4	15	10	21	18	7	8	20	9	15	25	7	10	42	30	19	24	12	18	13	13	28	12	25	11	9	4	8	17	8	16	16	25	16	5	20	12	8	17
ENSG00000174842	4	4	3	8	3	3	4	6	5	3	2	5	8	26	13	6	9	6	4	5	4	8	6	8	5	5	7	5	8	5	5	4	5	8	2	8	4	3	13	5	4	4	3	5	4	4	8	13	5	2	5	2	2
ENSG00000175054	9	10	10	8	5	5	7	9	7	5	6	6	7	15	4	5	8	9	8	6	10	11	7	6	5	11	9	9	8	5	7	12	9	5	7	10	5	6	14	11	9	7	8	6	10	9	9	10	10	7	10	9	11
ENSG00000175344	8	6	8	1	8	4	3	9	11	0	0	1	0	0	0	7	8	3	4	7	5	14	6	9	4	15	11	9	9	8	6	3	11	4	9	11	15	5	20	7	0	0	3	2	1	2	4	1	0	2	2	7	2
ENSG00000175646	11	4	10	5	15	11	9	33	36	4	5	20	16	25	10	11	14	10	9	6	4	7	7	10	13	7	4	31	27	5	7	24	11	20	9	19	7	5	6	8	9	3	44	4	5	9	1	8	11	8	7	7	5
ENSG00000176165	36	40	24	15	60	38	6	52	41	4	1	0	1	0	1	28	18	37	37	18	9	16	55	41	18	9	9	45	31	68	76	10	37	22	1	8	3	1	5	4	5	3	45	16	8	14	6	10	1	24	7	7	18
ENSG00000176692	33	34	11	30	47	24	45	52	46	14	7	30	25	27	12	20	18	47	36	17	14	14	13	25	34	20	17	73	32	23	36	17	31	23	11	15	12	28	13	26	6	15	19	14	41	57	32	7	11	40	31	19	42
ENSG00000176974	7	2	6	8	5	2	9	19	12	7	4	8	10	9	6	8	9	12	6	10	6	5	5	4	3	4	6	20	7	5	7	23	6	16	5	10	7	10	17	20	9	10	7	14	4	6	2	5	8	8	6	10	6
ENSG00000177302	8	11	7	12	13	6	12	25	20	5	15	24	14	22	14	9	9	20	15	3	8	5	6	10	10	5	6	19	7	8	8	18	5	8	5	14	9	19	13	30	20	5	16	5	10	12	9	9	24	9	15	11	7
ENSG00000177374	32	39	21	41	30	27	49	59	55	17	40	54	52	59	41	40	52	50	41	21	19	32	23	27	57	39	26	81	61	58	56	47	62	49	20	85	53	71	41	54	35	10	29	16	36	42	31	15	71	50	41	28	51
ENSG00000177426	27	26	23	20	16	24	30	41	48	15	16	15	21	29	21	23	21	22	31	13	19	21	17	24	26	27	33	41	30	14	14	26	24	17	27	22	19	53	24	49	16	17	16	26	28	22	28	30	22	20	23	34	24
ENSG00000177519	10	9	3	1	8	6	1	9	8	1	4	4	4	3	1	6	7	1	3	3	1	8	10	13	1	1	2	10	2	13	6	3	8	1	2	5	8	3	2	3	0	4	3	2	1	1	1	0	2	2	4	0	1
ENSG00000178691	4	3	4	6	11	3	9	17	11	6	4	16	9	12	12	11	10	8	9	5	4	9	5	6	6	7	6	12	7	5	8	23	8	9	4	9	4	7	9	13	4	1	5	5	7	11	5	16	5	7	4	7	5
ENSG00000179295	7	6	8	5	8	3	13	27	22	4	7	18	10	27	11	13	13	16	15	6	10	14	7	10	5	11	11	18	9	5	15	9	7	10	7	19	10	23	8	20	20	9	10	6	10	10	8	26	13	11	13	43	8
ENSG00000179348	33	33	23	23	48	25	13	47	39	7	13	21	12	29	4	30	31	24	33	10	11	38	16	17	31	9	7	29	24	20	31	41	32	21	1	11	18	11	5	3	2	11	8	5	6	18	26	27	20	27	9	2	18
ENSG00000179915	8	7	2	2	9	6	3	10	7	2	1	2	1	1	3	3	4	2	2	4	3	3	19	16	9	0	1	4	5	8	17	2	4	1	3	3	2	1	3	3	1	3	1	2	2	2	1	1	2	1	2	4	1
ENSG00000181090	28	16	6	18	27	16	20	40	36	13	23	38	35	40	26	26	33	31	27	10	11	42	12	14	21	17	14	41	22	24	30	31	23	30	12	56	25	39	27	32	20	21	24	11	12	18	13	22	28	12	22	23	12
ENSG00000181163	6	11	4	5	3	9	8	7	9	10	4	10	7	22	6	10	12	8	7	4	5	7	7	5	5	5	6	5	4	3	7	6	6	4	2	4	4	6	7	16	33	6	5	3	7	9	3	10	6	6	8	39	7
ENSG00000181449	39	36	7	6	67	27	2	42	36	6	3	21	9	4	4	27	21	8	10	11	12	24	66	83	35	13	11	23	39	30	32	9	55	18	14	7	6	5	5	6	3	3	5	10	2	6	9	4	3	31	6	4	45
ENSG00000181481	5	6	3	19	11	5	15	18	16	5	21	40	22	13	22	19	25	12	13	7	8	10	5	10	9	9	8	12	7	17	19	34	6	7	5	14	14	18	9	26	14	5	3	6	9	9	10	8	27	7	11	15	10
ENSG00000182185	8	6	7	6	14	4	14	9	11	5	11	17	10	16	18	8	15	12	10	6	5	9	6	9	8	7	9	25	10	9	11	14	9	13	6	33	11	16	7	10	12	4	8	6	8	7	9	7	10	8	10	8	9
ENSG00000182197	17	27	27	52	26	23	33	46	29	25	12	19	17	29	30	20	17	34	31	33	12	33	15	19	25	17	27	44	32	25	27	23	18	38	14	18	29	25	29	29	11	12	16	41	25	33	37	1	24	25	23	54	27
ENSG00000183072	30	29	3	35	47	27	0	43	31	2	1	2	0	0	0	11	10	7	4	4	8	4	1	14	38	1	1	9	15	9	8	4	14	2	0	1	0	1	0	5	1	0	4	0	1	5	0	1	0	0	3	0	0
ENSG00000183691	9	21	18	13	24	8	15	14	20	4	9	16	24	27	8	10	11	9	10	8	5	15	18	21	17	7	6	24	22	24	19	17	10	22	3	12	7	13	10	14	0	11	10	8	22	23	4	1	14	15	9	16	14
ENSG00000183770	32	22	12	13	38	16	7	37	31	7	13	25	14	20	12	27	23	21	22	17	14	8	8	13	24	2	6	21	13	16	13	13	19	15	3	52	5	6	4	7	0	7	8	3	7	10	7	18	16	5	11	5	7
ENSG00000184058	36	21	3	17	65	17	12	61	50	4	5	35	20	26	7	38	24	26	16	9	8	8	4	9	34	8	3	60	47	44	32	32	26	47	3	12	10	54	10	7	6	3	33	29	10	26	7	57	11	10	20	7	3
ENSG00000184302	22	20	3	1	25	14	3	28	29	3	1	13	2	2	0	16	17	10	8	12	4	6	18	29	10	2	0	25	17	32	34	3	20	9	0	2	1	8	1	1	0	0	2	6	4	7	2	0	5	5	0	4	5
ENSG00000184779	1	1	1	1	1	1	1	0	1	1	1	1	1	1	1	1	1	1	1	1	1	1	1	1	1	1	1	1	1	1	1	1	1	1	1	1	1	1	1	1	1	1	1	1	1	1	1	1	1	1	1	1	1
ENSG00000184937	32	26	15	9	49	22	2	53	44	3	1	6	2	4	3	52	43	6	4	10	11	10	21	27	53	5	3	90	26	19	23	11	42	43	1	64	12	6	0	9	2	2	3	7	6	11	1	25	5	4	4	3	5
ENSG00000185338	26	13	16	15	14	19	29	43	44	9	14	27	27	43	23	23	20	18	16	13	8	22	14	19	24	10	6	39	34	22	18	32	21	35	17	31	14	33	27	18	20	8	32	8	15	19	6	23	19	16	15	15	18
ENSG00000185345	7	5	2	3	6	2	3	14	13	2	4	13	11	12	7	4	13	5	3	1	3	9	3	10	27	7	7	13	8	9	6	4	6	4	4	11	9	6	10	2	1	1	3	4	4	4	1	4	5	2	3	9	5
ENSG00000185551	61	53	33	58	71	43	66	89	69	31	2	3	2	7	8	19	18	66	72	37	25	74	55	90	82	38	36	100	62	59	67	54	46	31	70	92	60	46	34	39	50	18	26	33	35	40	57	36	9	77	48	36	78
ENSG00000185920	28	27	30	22	41	25	31	47	39	12	2	29	29	48	22	28	24	21	22	10	15	36	28	42	23	31	25	43	49	23	23	22	31	31	22	39	23	24	24	20	20	11	17	18	25	25	16	22	11	22	23	26	28
ENSG00000186081	3	8	6	3	10	3	3	12	15	22	1	2	2	9	16	3	2	8	3	17	2	8	5	7	3	5	3	7	10	11	14	8	9	18	4	2	11	11	5	20	3	7	1	26	16	18	2	1	3	11	7	29	11
ENSG00000186153	4	3	7	3	11	4	3	13	12	4	3	13	6	8	7	10	9	3	3	8	2	8	6	6	8	3	2	19	9	10	10	9	7	9	6	21	6	4	3	4	4	3	13	7	4	4	5	6	2	4	4	13	4
ENSG00000186575	6	10	8	10	13	5	24	25	19	9	11	16	18	19	11	12	11	15	13	16	9	16	4	11	11	9	9	20	10	15	9	21	6	14	5	11	13	20	14	18	7	15	18	12	17	14	16	17	12	15	14	23	15
ENSG00000186765	29	22	19	26	41	25	34	53	59	19	35	53	41	37	32	35	33	40	36	15	20	25	40	34	44	30	29	59	33	54	45	51	38	38	29	55	54	59	32	69	17	21	65	19	20	42	24	20	39	30	23	32	32
ENSG00000186790	14	15	7	3	15	12	10	19	18	8	2	8	6	2	3	7	9	16	13	13	6	5	6	6	7	8	3	12	11	5	7	10	10	4	4	3	5	6	4	3	7	1	4	7	10	11	2	6	5	7	12	13	7
ENSG00000186868	20	15	8	11	16	7	7	30	27	4	2	17	15	26	12	14	13	10	10	6	7	13	19	16	10	4	2	32	9	16	17	12	10	10	4	6	7	24	8	27	3	5	17	7	6	11	4	13	8	7	10	7	6
ENSG00000186895	22	10	8	7	33	19	9	39	37	5	2	3	5	3	1	10	3	16	13	14	7	5	5	9	7	10	8	24	3	8	5	16	3	8	1	1	3	2	10	13	2	2	7	2	3	10	0	4	6	5	4	10	6
ENSG00000186951	11	3	2	13	10	5	13	25	23	7	9	29	20	15	12	15	18	17	13	8	11	28	6	8	28	23	20	38	15	23	25	21	12	22	10	49	20	32	37	13	11	5	28	8	10	16	4	10	14	13	10	13	9
ENSG00000187098	3	8	5	14	5	2	14	6	4	5	13	1	0	0	1	4	9	13	17	7	30	12	7	9	29	5	2	7	12	15	13	9	9	10	7	27	9	13	4	13	1	7	2	6	11	15	5	20	12	9	16	3	9
ENSG00000187210	15	11	17	15	14	11	22	26	23	9	11	27	18	15	19	18	22	15	15	9	9	23	17	12	10	15	18	23	16	8	15	15	18	13	14	9	12	9	16	9	15	8	13	8	16	22	11	4	13	21	18	9	26
ENSG00000188486	16	20	13	20	26	11	27	29	36	13	17	38	27	46	26	20	25	24	23	11	18	26	16	19	17	18	26	48	21	32	29	28	23	30	14	58	19	36	28	17	19	9	18	11	12	18	17	29	22	15	19	30	13
ENSG00000189056	10	5	3	3	8	7	10	16	13	3	0	0	1	1	0	8	6	5	6	4	5	9	11	13	9	0	0	10	8	7	6	5	7	0	0	2	5	2	2	2	1	1	3	1	0	5	4	35	0	4	1	2	2
ENSG00000196092	24	26	4	17	36	22	1	47	43	10	6	36	39	50	20	31	41	20	10	13	16	16	20	30	27	6	7	34	14	21	19	13	24	31	2	8	9	10	8	12	28	2	6	8	2	13	7	3	23	5	6	7	3
ENSG00000196218	20	10	3	3	16	12	5	31	33	2	9	24	13	23	8	15	10	6	5	4	4	8	1	4	3	3	2	13	7	18	13	17	5	13	0	4	3	29	5	52	10	1	8	3	9	19	0	16	10	2	2	9	1
ENSG00000196220	5	7	8	1	7	4	1	4	5	6	1	2	1	3	3	5	2	5	3	7	3	11	17	19	6	5	1	13	18	23	19	5	10	8	5	10	2	5	7	4	1	1	1	8	5	7	2	1	3	4	16	10	5
ENSG00000196628	17	21	13	27	27	21	26	33	24	11	7	41	17	9	14	23	20	31	32	8	9	41	55	82	58	13	9	43	49	51	54	17	33	21	6	51	18	41	6	5	32	2	3	12	36	43	45	20	12	34	37	18	40
ENSG00000196712	9	7	11	22	11	4	21	21	27	10	9	12	12	20	12	14	11	19	13	12	10	7	6	11	8	4	7	9	12	7	7	19	7	8	5	13	8	7	13	21	11	7	11	14	10	13	9	18	8	14	11	18	12
ENSG00000197283	21	22	16	20	23	20	17	28	28	9	21	51	32	41	24	22	34	23	26	10	11	20	14	23	23	17	15	25	19	28	19	25	29	26	8	48	14	31	17	14	22	10	18	9	11	14	9	18	20	14	15	16	14
ENSG00000197299	4	6	7	6	6	3	8	14	16	3	6	10	4	13	11	12	8	8	7	3	4	7	4	8	5	4	6	10	8	9	6	9	4	14	4	6	5	5	7	13	10	7	3	4	6	6	4	26	9	4	7	7	4
ENSG00000197728	6	8	9	6	12	8	15	28	32	10	4	28	16	44	18	7	9	19	13	9	4	16	9	9	13	8	11	19	14	14	18	26	9	19	3	23	7	23	8	17	19	9	13	8	12	10	5	19	7	10	5	16	10
ENSG00000198087	3	10	5	5	4	7	8	7	4	10	1	6	7	6	3	4	4	6	11	9	5	9	2	4	4	7	12	9	2	6	3	8	7	10	12	5	8	1	11	8	11	7	4	10	6	8	10	31	4	6	8	9	8
ENSG00000198691	7	12	23	9	6	5	11	7	10	8	5	1	1	4	7	6	3	10	9	10	3	10	6	6	9	20	12	21	13	12	9	24	9	2	6	11	3	3	10	5	2	6	7	9	13	12	10	2	4	13	12	10	16
ENSG00000198743	9	10	9	18	13	13	11	15	18	7	7	16	18	41	23	16	11	12	16	6	18	14	5	14	20	23	17	19	17	7	10	22	8	28	5	15	9	8	21	6	31	6	10	13	5	12	11	44	7	13	18	18	16
ENSG00000198807	35	29	14	23	63	21	5	50	41	9	3	2	1	1	1	30	19	18	15	10	11	13	15	31	40	5	8	40	23	28	36	8	36	23	2	4	16	23	10	8	3	2	38	16	2	9	5	5	3	9	8	8	3
ENSG00000198836	4	10	4	5	4	4	4	4	6	5	4	5	4	7	4	11	7	6	5	6	5	7	3	7	5	6	5	8	5	2	2	7	4	5	6	6	3	5	9	4	5	5	5	5	6	6	8	9	4	8	6	11	10
ENSG00000203883	42	30	15	22	46	28	24	63	55	17	15	66	41	69	31	51	53	33	27	16	13	25	14	14	34	14	12	70	45	50	42	52	49	58	10	49	26	73	19	52	47	26	58	18	19	40	32	31	19	25	18	18	16
ENSG00000204217	9	14	9	8	4	8	11	12	16	6	5	11	9	14	7	6	7	14	12	8	10	18	8	8	9	9	8	12	14	13	11	14	7	8	8	13	7	9	10	13	8	6	8	6	11	13	12	15	4	8	14	8	10
ENSG00000204370	7	2	3	9	8	3	13	7	7	5	6	9	11	13	10	7	10	16	12	7	5	8	4	7	7	7	8	14	8	5	5	12	6	8	3	12	8	13	9	5	13	7	5	10	8	12	5	30	9	10	10	17	6
ENSG00000215021	22	19	15	11	30	16	16	47	46	8	24	54	44	53	30	26	31	20	17	14	14	31	5	11	18	21	18	39	24	34	32	49	30	37	17	56	31	54	48	43	31	8	20	13	13	21	5	16	33	10	9	29	12
ENSG00000251322	10	4	5	9	13	4	12	19	10	3	6	15	10	13	13	24	23	11	12	7	5	11	8	8	12	3	3	32	15	18	12	13	13	9	4	14	6	16	7	9	1	3	17	8	7	12	22	2	10	7	8	10	8
ENSG00000256463	30	26	13	3	31	24	3	45	59	5	0	4	2	6	7	25	18	7	4	8	21	11	38	41	20	1	1	50	23	18	19	6	11	11	0	2	3	2	4	2	2	1	8	4	1	9	0	3	1	30	4	1	27
ENSG00000256525	17	16	12	34	20	15	24	17	15	9	14	36	34	34	36	32	33	19	19	16	15	15	15	14	6	11	12	12	21	17	14	14	7	16	10	32	19	32	18	34	24	11	20	21	18	23	21	30	25	17	21	23	19
ENSG00000273079	12	6	4	0	15	9	3	21	14	1	0	5	4	0	0	8	2	0	0	0	5	1	18	21	7	2	4	16	14	8	11	3	4	3	3	5	3	2	1	12	1	0	3	6	1	3	0	0	1	3	1	3	0
