gene	E003	E005	E006	E008	E009	E010	E017	E114	E115	E116	E117	E118	E119	E120	E121	E122	E123	E124	E125	E126	E127	E128	E129
ENSG00000001631	1829	2094	2057	2053	3218	3630	2115	2096	2587	4572	2860	2040	2665	2392	2586	3153	3141	3888	2614	3643	4580	3616	3770
ENSG00000004866	6299	877	1981	2334	6478	3984	1630	4475	0	3962	4011	4280	4669	2348	4279	2898	10543	6106	1922	4130	4887	4424	4217
ENSG00000005339	4631	5427	2674	784	4020	749	2601	757	2056	3959	634	1018	3281	1934	1660	1438	2667	4208	1244	741	1320	713	996
ENSG00000005513	3615	6939	8194	229	3796	3270	8784	618	0	0	0	0	0	492	2819	1714	1241	8046	912	0	0	0	0
ENSG00000006704	2192	5532	3652	0	2648	2163	4705	2613	2044	2256	3976	810	2512	2667	2864	2745	2741	6412	2418	2388	3084	2397	2677
ENSG00000007168	2201	4445	2101	2482	2224	3074	3157	1877	2681	2106	837	0	417	2365	3843	2328	2691	3461	2162	2827	2395	1949	3097
ENSG00000007372	5413	8971	3984	3421	13090	10007	5289	2324	0	2117	5793	0	5803	3194	11892	2868	2476	10820	16135	2238	4972	2924	3676
ENSG00000008196	306	295	1382	1286	4472	3698	1007	716	589	1608	433	636	1261	590	1134	1329	2919	6760	700	1444	9271	635	1827
ENSG00000008710	1910	3066	2130	0	1728	1763	2426	673	881	645	675	0	1232	1554	1254	739	1685	1455	1223	1869	348	535	561
ENSG00000012048	3192	2915	2352	2052	2331	4003	3006	1993	1747	2624	1801	0	1431	2585	2440	952	2197	2515	2802	509	1524	2802	1002
ENSG00000017260	2720	2069	2158	2125	3619	3709	2355	2411	2921	11193	2240	3068	3318	3529	3186	2426	6378	7404	2296	3641	4360	3851	3171
ENSG00000017427	1720	654	856	1282	0	3418	815	2127	788	7711	403	629	1495	3453	5079	585	1378	2920	3801	3069	1204	1564	4062
ENSG00000018625	3032	1542	393	3518	6613	0	0	0	0	0	3738	0	1540	2887	2488	0	0	0	0	0	0	0	0
ENSG00000021574	2521	3172	3393	3223	3423	2385	3229	4318	4709	2717	2508	3037	4299	2615	4149	2999	9791	12871	2854	3903	2972	3165	3335
ENSG00000026103	837	1869	2362	2298	4717	3209	1890	4358	336	4671	3312	3958	2627	4859	4537	1986	3456	5468	3605	2538	4733	2918	4773
ENSG00000030582	935	4532	206	2119	3821	5869	4996	3555	4153	3892	3563	3013	2967	2989	2080	2871	4773	3755	3860	3968	2585	3443	4103
ENSG00000032444	3144	4247	3494	3629	3235	2969	4104	2820	3857	3733	3577	2070	3718	3830	2942	3641	3792	3697	3918	3070	3744	3641	3478
ENSG00000034971	3544	1431	1701	1932	5385	5132	2942	8220	1208	2823	0	0	2182	2734	8663	2568	875	8105	3770	3841	0	6140	6891
ENSG00000040608	1002	3891	1903	794	2109	2193	4002	0	1480	0	1536	0	1735	1358	1279	1188	1450	2299	973	1276	1525	0	0
ENSG00000043355	2460	5832	3621	2204	4349	0	4802	5080	654	2874	5932	0	5331	5498	5615	3112	4467	10699	7544	3057	3392	2939	1914
ENSG00000046604	2855	2017	2912	2839	1663	2153	1420	2153	0	6316	3112	1899	2036	2172	1494	1220	2330	4906	2711	0	2152	0	3359
ENSG00000049540	5143	1303	1604	2105	5171	0	2235	1954	749	0	1022	0	0	1937	4734	1320	0	2280	1474	1889	0	649	1812
ENSG00000049541	1779	3987	628	1511	1745	1484	4077	1700	1856	3205	2680	612	1965	2494	2132	854	2031	3592	681	3513	2256	1089	998
ENSG00000049618	3696	3553	3438	897	3638	3484	203	5229	3802	302	1641	2435	638	6638	6744	5744	6205	7524	5867	6495	5408	1757	5586
ENSG00000052850	1881	9032	5547	2077	2308	2246	9071	1461	0	0	0	0	1057	2137	2028	942	1703	1013	2007	2799	973	603	1569
ENSG00000053918	3198	6254	3539	0	642	0	3877	1387	0	0	0	0	573	0	4391	605	0	273	0	0	0	0	0
ENSG00000054598	4540	4341	709	2210	8824	8204	1766	3475	0	1863	3766	0	3535	2130	10627	3935	0	9284	2304	3832	3325	5829	350
ENSG00000055118	3102	10642	5519	944	3451	6070	6900	676	418	0	0	0	284	1979	4119	0	5310	660	1789	0	0	0	0
ENSG00000056661	4167	9658	7848	4790	6120	5829	7503	6014	3083	7557	5666	3948	6853	6411	3209	5511	6513	6736	6533	3332	6388	6356	6842
ENSG00000057294	2734	3674	1607	609	3059	3958	1605	1428	0	0	2627	2059	2755	1671	3149	2295	405	12573	2008	0	6304	0	0
ENSG00000066926	1362	345	253	3325	2358	2490	970	1905	2438	2577	2508	2540	2576	3215	4527	2890	5561	3353	3107	3458	2817	3035	3188
ENSG00000067082	2101	323	2166	0	4034	2705	2290	1263	0	0	0	0	2262	0	0	0	1183	2332	0	0	0	0	0
ENSG00000067955	6001	1761	4223	2421	2101	2101	1662	2019	2000	2742	2080	1990	2169	2035	2348	2246	2189	5022	2090	1024	1633	2217	1219
ENSG00000068028	2049	4320	1874	1237	3078	1642	4452	1555	1329	5243	3946	750	1248	1558	5275	1477	1372	5678	5899	1648	1410	1631	2689
ENSG00000068078	6609	3532	6103	0	2694	0	8682	0	1583	799	1536	0	2409	2644	3703	2440	3557	6428	2304	0	2627	0	0
ENSG00000069011	993	2807	2736	565	2487	785	3376	668	4091	0	1162	1625	2664	616	2866	1913	5427	7742	4119	3632	2239	1313	483
ENSG00000069424	2685	6186	3672	1172	3667	2953	4231	2884	2936	4160	3478	0	2943	4121	2778	2887	4190	4582	3039	2918	3162	3243	3600
ENSG00000070193	3311	2797	315	2883	10046	15683	2154	1936	0	0	1093	0	1640	2577	3326	1551	0	3552	1960	2580	1936	3269	2579
ENSG00000070413	1969	7181	945	2026	1963	2062	3232	1714	1995	2206	2699	1119	2665	1913	1655	2493	2957	3579	2016	1678	2414	2304	2460
ENSG00000070814	3922	1987	2491	2094	3773	2442	3087	2266	2301	3810	4462	4806	4049	2019	2703	2496	1989	17745	2493	1406	2032	1921	9262
ENSG00000072274	3223	2750	3491	1515	2175	2518	551	1844	2552	448	3069	864	2129	2137	1850	1999	2092	5625	2459	2190	2271	1974	2490
ENSG00000074047	0	2176	0	0	0	0	1050	0	0	0	0	0	0	1326	1429	0	0	0	1231	1552	820	0	0
ENSG00000075043	1158	3183	7252	0	4646	0	0	0	0	0	0	0	0	0	0	0	0	0	0	0	0	0	0
ENSG00000075891	317	5095	198	0	5285	4811	1510	2751	851	0	740	0	583	2527	5737	0	0	4278	0	0	0	0	0
ENSG00000076242	1714	1486	1841	2235	2488	1884	1439	2054	2331	3433	1919	1953	2547	2593	2583	2259	3778	5610	2903	2250	2340	2690	2794
ENSG00000077782	3478	8726	4863	1207	3734	5147	4218	4265	3762	3745	2404	1130	4902	4882	5128	2863	1989	9337	1977	3820	3299	1545	4650
ENSG00000077800	8687	278	939	1160	2712	1564	2829	1074	3500	1030	3106	0	843	922	674	547	891	4350	2513	0	0	541	797
ENSG00000077809	2906	12081	7021	2472	3741	3843	4296	2979	4122	4113	4003	0	3102	3536	3924	3669	237	5535	3765	3004	3885	2771	3801
ENSG00000077942	2266	5524	2743	0	3705	3708	779	1616	0	0	2058	0	3580	3763	3441	820	0	3606	3786	1750	3727	0	2196
ENSG00000078900	3252	11916	5836	1261	3825	3615	8765	1889	4132	4190	1612	1053	1874	4368	5850	3318	2149	7301	3463	1008	1657	820	2505
ENSG00000079246	1375	1110	1336	1466	1669	1371	2336	4629	298	2860	1194	1065	2968	2390	3387	2885	2861	6211	3205	3116	5943	2420	5972
ENSG00000081189	2474	2144	3080	3053	2441	9755	2413	2199	0	9728	433	0	2028	3051	3138	9082	5895	10097	4168	10674	2510	1826	8926
ENSG00000084734	1781	2332	1241	3472	3411	1564	1099	2925	0	3427	1072	3343	4880	4116	3230	3839	5328	7243	3678	3041	3351	3217	4583
ENSG00000087266	3666	5664	1209	1247	3884	986	13589	5501	2271	2360	3590	0	2403	2944	3873	2902	1692	0	3088	2715	2275	1603	3580
ENSG00000087460	1717	5341	6027	2089	5812	4532	5818	2550	4679	3294	5174	0	5413	3318	6216	4432	2931	10586	4646	2867	2992	2735	3596
ENSG00000089225	1106	1896	10785	0	1611	2468	6868	929	0	0	0	0	218	937	1047	594	0	0	1581	9402	1415	10381	1791
ENSG00000090402	304	0	0	0	0	0	0	0	0	0	0	0	0	0	0	0	0	0	0	0	0	0	0
ENSG00000091262	0	0	0	0	1181	0	449	0	0	0	0	0	790	0	0	933	0	1451	0	0	0	0	0
ENSG00000093010	4683	7006	5961	3239	4836	2210	6766	2499	3152	3298	2905	1558	2646	2540	3806	3439	3569	1338	3460	2779	3074	2946	3771
ENSG00000095002	6056	4696	2716	2803	2430	1890	2754	642	3753	3099	2649	2466	2457	2588	2670	2771	1278	7059	2604	3537	2540	2734	2838
ENSG00000096696	1729	2409	2343	2456	2088	2736	2786	2912	0	1558	2902	0	1359	4410	8360	2450	0	5028	2182	3883	1304	2389	1606
ENSG00000099917	508	1371	1458	2360	1628	3098	2648	1463	1916	1750	1635	1647	2849	1554	1791	1549	1830	3697	1739	1399	1194	1216	1624
ENSG00000099949	1502	5199	1620	1142	1676	1465	1638	1600	2119	2025	2643	1079	4447	2318	813	1112	3659	5224	1447	730	1971	1265	1280
ENSG00000099956	1613	1488	1605	1278	1520	1393	5363	711	2257	1641	2744	1376	3567	975	1413	1566	2124	6617	1737	1426	892	1703	1823
ENSG00000100033	1622	4966	813	0	968	1160	930	999	0	0	634	0	831	803	769	785	0	1646	776	0	1645	585	0
ENSG00000100084	3214	5927	2785	1621	2521	2921	2956	2493	2910	3280	3411	1247	3426	3226	3320	2336	3341	3632	2678	3319	3347	3455	3442
ENSG00000100146	2229	0	0	1177	0	0	0	0	0	0	0	0	0	0	0	0	0	0	0	0	0	0	0
ENSG00000100345	2582	3950	1250	1138	718	4593	3236	508	2243	3078	1930	246	1683	1284	1875	970	2487	2267	690	1821	618	0	454
ENSG00000100393	3328	5977	2620	1455	2760	2363	2610	2889	3295	2340	2552	724	2704	2619	2963	3434	3159	4273	2907	2985	3195	2810	2773
ENSG00000100473	3433	2253	2451	2353	3299	4340	2102	3490	0	2621	0	2695	1821	1647	2738	2080	3511	9168	3116	1226	1764	1973	1725
ENSG00000101076	8598	2573	0	2146	1763	817	1918	2247	0	680	13391	1913	555	0	0	0	0	961	0	0	0	0	0
ENSG00000101115	2760	3772	3182	753	6492	6921	3234	5478	0	0	4373	1087	1489	2105	5127	3537	0	8716	3765	2293	2129	1978	3155
ENSG00000101146	1776	4845	4044	834	859	2541	3244	2415	731	2558	1976	2312	2498	1871	238	2381	2299	4485	2659	2448	2237	2370	2693
ENSG00000101384	2217	5258	4197	3276	4951	2056	5013	5605	0	5079	5500	1759	5602	5520	5955	5548	5400	1489	5947	5275	1412	5151	5116
ENSG00000102974	2566	3593	2886	2874	3011	2762	2886	2493	3150	4474	3812	2687	3588	3039	3453	3341	4042	4303	3201	3747	3941	3463	3558
ENSG00000103197	1301	1497	2947	1723	2001	1588	3399	1572	2473	295	1882	0	2052	2081	1803	926	1913	1022	1874	1524	1990	2269	1997
ENSG00000103241	3761	4278	3207	2207	4897	2918	9190	1861	0	880	2527	0	2586	4561	8734	3326	0	3236	6973	2771	3383	2226	1801
ENSG00000103449	8799	2211	8985	3717	2892	2479	7634	2350	0	0	0	3734	1513	1310	4363	2902	0	10112	7809	6601	0	0	3135
ENSG00000103591	1826	2740	1775	2036	2272	4282	2054	2397	2633	2301	2238	2518	2083	2191	2513	1763	2636	3818	2584	2117	2424	1854	2174
ENSG00000104313	889	854	513	1176	5178	10986	563	921	0	1013	0	0	1285	3247	5275	513	0	796	1394	661	997	926	6066
ENSG00000104447	2653	2496	1086	2410	4167	8547	3307	1684	5343	3917	1482	0	4259	4869	4279	4613	13063	5274	4319	9188	2141	1330	6872
ENSG00000104936	0	9374	1321	683	0	0	4278	552	0	1139	0	0	0	0	0	0	1195	0	0	0	733	0	834
ENSG00000105329	4704	9680	3267	2745	3670	3527	4106	3449	2994	3572	3301	0	3580	3572	3701	3672	4348	2477	3771	3903	3677	3845	3580
ENSG00000105372	2217	6188	1452	871	1655	1602	2071	1372	1640	1678	1160	0	2068	1383	2054	1342	3500	10890	2170	1103	1101	1109	2191
ENSG00000105392	2680	0	965	1315	1855	1501	0	0	0	0	0	0	0	1230	0	914	0	0	0	0	0	0	0
ENSG00000105618	1584	4098	2719	1917	1240	1129	1873	1159	1885	1594	904	864	1782	1553	2903	1846	1998	2106	2544	1482	1343	1445	1941
ENSG00000105974	278	4216	2370	3196	4301	8307	2522	10306	0	2638	2410	0	3270	2469	8398	6985	5754	4643	6742	0	3488	2851	372
ENSG00000106571	3530	3334	3510	1014	5477	8919	3678	2210	4169	2430	3419	0	3383	3331	4175	4898	1146	4971	4339	4612	4792	3947	7054
ENSG00000106633	1671	4157	3678	1907	2854	12367	1728	0	0	0	3537	0	1365	3260	3809	0	4210	11348	0	0	447	0	4087
ENSG00000106683	2742	5347	4087	0	1940	1915	3961	1940	2596	3698	1452	0	2417	2322	2734	1878	1266	7138	3088	1692	2073	2899	2712
ENSG00000106991	4998	11294	2354	2799	1738	0	2244	0	0	2222	7214	0	3120	1073	3102	660	7543	6641	3080	1512	964	1754	6292
ENSG00000107262	2377	4030	3811	767	2316	2337	2318	2140	2487	2476	1883	0	2599	2532	2813	2335	2910	2643	2916	2103	2507	2413	2747
ENSG00000107485	3144	11817	3314	2767	12413	6275	9450	2315	4864	4549	1351	0	13732	1589	6806	22159	1896	7832	13046	4086	9532	0	1830
ENSG00000107779	734	1315	740	2649	2488	3613	2018	2440	5647	1115	2547	844	4614	2825	5117	1621	7707	5364	3187	3855	4628	3493	3162
ENSG00000107831	0	3924	1519	0	3411	707	2531	0	0	5634	0	0	686	609	284	1583	0	3114	2667	1219	2778	1382	0
ENSG00000107859	2312	2811	4694	1970	3068	1833	2576	2752	3427	2571	6944	2861	1713	2323	2545	2155	3545	3061	6173	2095	2212	1916	2208
ENSG00000108557	2113	23072	4029	0	2477	2705	3756	2738	3586	1357	2812	0	2366	2682	2586	2403	1797	363	2874	291	1130	1483	2825
ENSG00000108753	4121	4886	0	3047	3864	2747	4679	4629	0	5313	2962	2518	2662	3456	3123	3416	0	3731	4835	0	2791	0	0
ENSG00000108821	5896	11327	265	3504	2528	1352	1846	2092	1628	1699	2145	0	2756	1394	4298	1883	2060	2914	736	1791	2101	1043	3249
ENSG00000108883	2371	237	3866	2622	1781	1612	1669	2894	2376	1868	3336	2291	3505	3239	3454	436	3920	4743	2343	2200	1950	3259	3585
ENSG00000108946	2023	2038	2840	2850	4074	2931	2665	2825	2106	4531	3619	3650	4188	4443	4498	5366	5653	5499	3819	2084	5495	1983	4598
ENSG00000108953	3689	3733	1302	1174	1564	2170	2519	1523	2744	1250	1713	771	1717	1179	1279	1419	2145	1822	1877	2611	1551	989	1705
ENSG00000109062	523	7972	9806	668	6038	3021	5055	2620	2465	2670	8046	1472	1361	4179	5110	814	5140	5116	1518	3395	4879	6229	3732
ENSG00000109099	4161	552	1196	3116	3749	3651	3213	6622	0	0	784	3519	3648	3964	4015	3559	4799	8558	3810	3285	3456	1422	5632
ENSG00000109132	1893	6569	4066	536	0	0	3603	0	0	0	0	0	765	0	4274	0	0	0	0	0	0	0	0
ENSG00000109339	4196	2285	1371	2259	2479	2243	2311	0	4234	870	0	0	1137	1761	3814	1186	0	8901	3268	2555	1336	3148	3400
ENSG00000109670	1505	3496	883	1572	2539	3442	2556	2397	3906	3134	1742	1197	3274	2800	2756	2758	1546	4843	2623	3541	3027	2794	3021
ENSG00000110713	1352	3429	832	429	2376	539	441	1558	2116	1419	2015	0	2691	689	697	1497	904	4664	621	1801	2848	2075	2916
ENSG00000111046	1937	1320	1313	1184	4689	21115	1520	8180	0	1479	1769	932	1699	12013	29972	1567	0	3897	2150	1495	1544	2809	6764
ENSG00000111276	5911	7151	5899	812	3789	3534	209	3792	4270	4031	4699	2524	5262	5182	7570	4338	6697	5157	4633	4199	3961	4151	4938
ENSG00000112246	0	1871	300	0	1923	2506	1806	3556	4636	0	0	0	1674	6582	7515	1982	0	5736	2720	2097	0	0	1659
ENSG00000112319	3222	3025	2760	2886	2790	3131	3140	1350	0	0	3769	0	2458	3785	4493	2160	0	0	3762	3457	2300	4386	3491
ENSG00000112902	3403	3658	3535	4661	5043	4549	3612	2551	0	2686	0	0	5276	6244	5549	3817	1190	4317	9569	7618	4361	5253	5256
ENSG00000113522	1893	1259	1218	1747	1775	2853	1295	2818	3770	2344	2195	1440	2819	2655	2952	3485	4623	6879	2131	2962	3290	2713	2991
ENSG00000113658	3054	1977	2389	3061	3702	4433	2464	2113	0	3186	2734	3071	2521	3358	4893	3290	2772	14819	3421	2816	2735	3700	3445
ENSG00000114062	1260	2490	2309	1650	2096	2514	2327	2003	2520	2582	1980	1914	2168	2128	2420	2510	1938	3028	2497	3048	2609	2533	3074
ENSG00000114861	1386	4398	4676	4444	6600	8684	4470	8531	5114	3620	4227	663	7189	2321	7363	10069	7709	7537	3899	6086	1836	5466	3846
ENSG00000115694	3067	6624	2363	0	2076	2139	2943	2416	2454	3139	2116	0	2511	2077	3217	2493	3100	4269	2788	1960	2806	2252	2699
ENSG00000115738	3720	8518	3774	3756	7291	9239	7557	4333	2331	7179	5831	0	3199	6151	7804	7334	2913	3256	7773	5571	7422	7287	7735
ENSG00000116030	271	3656	3932	1979	2262	2865	1960	4315	2363	2347	1384	1982	2493	2548	2605	2261	2792	7591	2810	2633	2807	2332	2699
ENSG00000116062	4081	4985	2076	1048	2184	3166	3559	2519	2603	2100	2299	2512	2779	2511	2824	470	3086	6280	2450	2420	2336	2595	2280
ENSG00000116096	1921	2385	2004	1836	2184	2886	4659	1584	0	1583	2729	1853	1548	1747	1983	1688	2045	3981	1576	1527	1425	1525	1467
ENSG00000116254	4435	2406	5488	544	2739	0	3063	0	0	0	0	0	0	0	1970	0	0	0	0	0	0	0	0
ENSG00000116833	5093	1465	2602	4930	5333	4533	1642	4827	0	0	0	0	302	1353	1364	1575	0	10061	5028	1381	967	809	989
ENSG00000117013	858	2460	6832	0	2556	3142	4317	0	0	0	0	0	1882	2410	4546	1841	2175	0	2131	0	183	1043	1070
ENSG00000117118	1470	1838	1642	1022	3690	4116	3443	1277	1448	1790	1283	334	1627	1179	1425	2744	3746	5920	2096	1340	1486	1573	4246
ENSG00000117394	0	11228	3573	0	3012	2215	2277	686	2010	5321	1917	0	2030	487	3601	2768	2322	4387	1734	2781	1175	1414	1952
ENSG00000117595	2100	2202	1213	2683	1216	2908	3126	4663	0	1218	4026	0	1390	1643	4195	1478	1042	9069	2497	2524	0	2950	1332
ENSG00000117707	1508	2281	689	1481	3484	1201	3748	1983	0	1350	0	0	2561	2686	3726	2690	0	6545	344	2756	838	2261	1357
ENSG00000118046	4475	1696	2134	0	901	2610	735	460	3329	4520	0	677	408	3700	3346	2449	2548	4977	2781	2240	2201	333	427
ENSG00000118402	750	1627	467	1589	1261	4401	1788	611	4564	1501	1065	389	3585	2409	1926	2161	996	3743	2325	2127	4200	2556	2636
ENSG00000118762	2229	2888	1681	1922	1140	1835	257	1975	2250	6240	2212	0	2228	917	3088	2561	2233	5764	1477	1521	692	2060	2327
ENSG00000119042	1992	4831	2914	3323	5723	5288	5598	6895	2145	2331	3784	983	5245	5412	9740	3253	6403	5525	10065	5506	5342	9843	10442
ENSG00000120071	2506	3171	3095	847	2769	3182	1926	2946	3947	3153	3052	831	2816	3219	3075	3082	3932	4441	3281	3293	3605	2589	3297
ENSG00000120149	2037	5297	1080	1691	2199	5425	1697	1150	0	0	2384	0	1352	1331	1340	1442	0	1376	2542	1974	1871	1609	2227
ENSG00000120738	3476	661	2751	1590	5014	2705	5251	2881	2560	3659	2128	1789	1216	1258	842	1179	2317	4400	4079	1944	2523	1456	2022
ENSG00000121022	2199	5162	254	1378	4166	4448	1584	3968	4059	5520	4377	4012	5859	5073	5572	4001	4525	4850	4836	4844	5109	2496	5606
ENSG00000121454	2789	3671	3392	3459	3189	7307	7049	3983	0	2870	4057	0	3282	2861	3434	3046	2642	9512	6889	2899	3364	2393	3228
ENSG00000121774	1632	763	2580	1246	1825	1537	386	1775	2573	2630	2705	1083	717	1545	2602	1853	2323	5984	2128	1868	1273	360	3989
ENSG00000122304	4869	0	1122	2291	2037	0	1122	0	0	530	0	0	0	0	0	0	0	0	0	0	0	0	0
ENSG00000122512	1791	6623	2460	1102	1587	1327	2038	1529	2088	2900	4053	777	2197	2152	1527	1695	2944	2770	1485	2143	2398	1492	2373
ENSG00000122691	4027	3385	3833	1330	3403	6088	4498	3736	0	1188	1073	0	256	6203	4917	2137	0	4746	5970	4392	3183	3471	4982
ENSG00000123066	779	1239	2130	1596	2322	3559	1200	2410	1784	790	1010	803	2562	1992	2810	3455	3263	3095	835	2025	2587	749	1274
ENSG00000123080	3092	3090	3593	2219	3783	4100	3529	5177	3845	4569	5592	4372	5232	18935	13794	6475	5418	6134	5742	8510	16488	5565	18364
ENSG00000123500	0	0	0	0	0	0	0	0	0	0	0	0	0	0	3474	0	0	0	0	0	0	0	1012
ENSG00000124089	0	0	0	0	0	0	0	0	0	0	3416	0	0	0	0	0	0	0	0	0	0	0	0
ENSG00000124205	2515	0	585	1350	0	0	0	0	0	0	0	0	0	0	0	0	0	0	0	0	0	0	0
ENSG00000124802	1125	2160	5116	0	2192	2174	1100	1582	2757	2688	1680	1214	1553	2025	1758	2585	3274	13389	1339	2109	1990	1586	1609
ENSG00000124813	2351	5138	1352	4413	5988	6625	1386	4339	2689	0	2146	0	5436	5301	5214	2367	4597	9726	5937	5045	7107	5418	16660
ENSG00000125378	5822	5686	5059	3364	5384	5748	7983	5378	0	5401	0	0	5642	6959	6748	6886	1499	6931	6067	6650	5383	6445	5078
ENSG00000125398	1162	2940	2982	2994	8007	8053	1796	5160	0	4334	2457	2020	8871	1542	1512	0	0	7939	10110	3158	6101	6705	7262
ENSG00000125618	4947	2814	3135	2749	5814	0	4949	5849	0	0	1921	1947	5372	3783	3850	0	2355	3751	3872	0	7792	1968	2564
ENSG00000125813	2977	3694	1128	0	1949	3896	9423	3008	0	0	0	0	1249	1921	590	663	0	5979	760	0	819	0	807
ENSG00000125965	2093	3367	3947	3428	4902	2127	3320	3401	3392	2751	3009	1927	2797	2154	2857	3434	3167	19002	5617	2134	3369	3163	3194
ENSG00000126561	4331	9287	4936	2229	2716	1795	4408	1662	3130	4282	3918	1799	804	3487	3634	2762	0	4031	2333	2726	1357	2649	2704
ENSG00000126581	2704	3156	973	2107	3547	2607	2237	1842	2685	1751	2943	2662	2834	1986	2442	2656	2817	3419	2743	1921	2699	2695	3250
ENSG00000127152	5248	3519	5382	7129	5215	5371	3280	9125	3113	3964	1048	0	1813	5192	7440	5119	0	7165	5009	5704	17840	657	710
ENSG00000127922	1186	531	1911	1831	4250	4438	1283	3441	2489	2366	1750	1345	1821	2451	1472	1865	2933	4172	2363	2109	2644	1856	3051
ENSG00000127990	6673	3038	3546	2886	3966	1756	3712	3098	0	4548	2991	0	317	10697	4736	4572	3056	4125	4862	4669	2956	403	2221
ENSG00000128573	5875	5824	1735	4816	7291	12589	2538	3143	0	2834	3646	4352	742	4228	6089	6550	0	7848	6438	2249	1859	2106	5797
ENSG00000128714	0	1180	2500	0	933	1861	2758	1135	5893	601	0	2945	752	2005	1073	890	640	5738	1189	609	230	0	738
ENSG00000128917	1667	7581	2871	2776	1611	5535	7598	3168	0	759	6485	0	503	1033	5911	1586	1713	3185	7049	2677	2697	2863	2062
ENSG00000128918	1956	2791	1127	2004	1839	3198	1799	3559	0	362	0	0	2112	2140	2799	6205	2911	3478	2123	2530	5485	965	923
ENSG00000129757	1844	14529	4802	2581	5008	2826	8002	2516	3756	2018	3672	0	2635	2827	2750	2891	9429	2855	4007	2730	2762	2993	1898
ENSG00000130164	2404	6253	2776	0	1829	2462	2635	1594	2992	3008	1140	0	908	2136	668	859	2503	3893	1126	0	1923	688	853
ENSG00000130635	1025	3265	1831	1302	2863	1150	6329	999	0	0	4306	0	1274	3461	3317	3069	0	1582	2034	1132	4677	1598	606
ENSG00000130675	2082	3726	3429	984	3245	2673	3039	3383	0	5813	2829	0	3238	2829	5250	969	2153	5679	1793	0	2292	0	0
ENSG00000131979	2025	4191	2705	2061	2450	4698	2233	2340	2788	666	439	2048	2903	2706	3755	2862	2640	6000	3012	2787	2024	2669	3190
ENSG00000132170	3289	2880	2075	1356	3005	2093	3195	2703	2997	0	2544	3185	1666	2405	2420	2017	0	2592	2887	5077	2133	3038	3157
ENSG00000132464	1698	0	0	0	380	7087	0	2231	1050	0	0	0	0	1193	1312	3200	4120	0	0	2774	2855	3111	3011
ENSG00000132781	1484	2339	2305	1372	2034	1795	3471	2030	2303	3198	1838	0	2574	2000	2792	1833	2556	2681	2509	2527	2243	2145	3076
ENSG00000133895	2512	2211	1881	1871	2278	1443	1898	1528	3360	1823	2149	1015	1832	1817	2102	1726	1995	5792	1698	2737	1662	1565	1852
ENSG00000134086	3579	5296	2933	2374	1177	2111	2490	1838	4372	2087	2440	0	2670	2158	1881	1478	2252	4785	4103	2388	1990	1768	1737
ENSG00000134121	1220	2972	2234	2567	2005	3208	2751	3045	0	1672	0	0	656	1715	2798	0	0	0	3007	0	2216	0	0
ENSG00000134245	581	3684	3294	3923	2950	1617	2506	2264	2012	2095	8841	740	3085	1589	2174	1791	2472	3551	2685	1691	2419	2266	2105
ENSG00000134323	4971	6613	1691	2294	3625	1900	2987	2874	0	0	0	0	549	5276	5746	3236	0	4762	4706	1992	0	0	0
ENSG00000134371	2164	2493	2505	2066	3292	13190	1577	3981	4657	2218	2003	2017	3083	2081	2196	2460	5351	6782	2331	2271	3756	2430	4869
ENSG00000134571	1633	2624	4122	1448	1754	0	3214	2100	0	0	1547	0	1757	1970	2740	1712	1298	0	3132	1140	1666	1972	2623
ENSG00000134760	1673	723	662	1211	1083	4982	0	421	595	593	378	246	1510	0	0	0	871	0	553	0	3946	0	0
ENSG00000134982	8165	2022	1481	2361	3437	3138	1072	1038	1752	3357	4933	3336	3869	3062	1697	1442	5790	8746	3270	5198	1652	1598	6113
ENSG00000135100	2044	1647	0	1711	3989	5082	0	4208	0	865	0	0	293	0	0	0	0	6863	0	0	251	0	1130
ENSG00000135111	5912	8130	1415	2768	5640	2144	6634	3972	0	0	3944	0	3044	3843	5716	2654	2976	2029	5896	1871	4483	11653	5531
ENSG00000135318	6980	2128	340	2224	1953	1590	2060	4074	0	5930	2400	695	3003	2653	3528	378	0	715	2243	953	1076	3211	2570
ENSG00000135903	2750	5267	1261	0	597	4354	11875	0	0	0	0	0	0	3080	3737	0	0	5469	10279	1873	0	0	0
ENSG00000136160	2127	4115	2920	3296	378	5856	2678	1975	0	0	0	0	3064	4279	3427	3200	0	3018	2522	2819	1773	2613	1889
ENSG00000136352	4186	2636	4663	828	6689	8695	8025	2466	0	0	0	0	2459	4240	2549	2255	0	7490	4070	0	2593	0	0
ENSG00000136488	0	0	0	0	0	0	0	0	0	0	0	0	0	0	0	0	0	0	0	0	0	0	0
ENSG00000136531	453	205	2217	2652	4277	5599	176	2048	270	619	0	0	4222	0	2091	397	0	3676	2132	2037	4144	2959	4627
ENSG00000136574	5257	4072	3522	0	5237	3401	3548	2268	0	2351	0	2467	1458	858	2143	1268	605	6102	1521	0	0	0	0
ENSG00000136854	2154	2739	2799	1400	2437	2442	1136	2904	1185	1177	3142	2049	2746	1266	1299	2787	3347	7116	2796	2605	1226	805	1168
ENSG00000136931	1451	5093	425	926	4839	1637	4669	0	0	0	3917	1722	0	0	0	733	3110	1999	0	0	0	0	0
ENSG00000136944	875	8030	3695	560	5899	4991	7071	3982	0	0	8650	0	9019	4365	5951	0	0	7220	3013	0	3612	0	0
ENSG00000137090	0	1867	3038	555	3240	2845	2129	927	0	0	0	0	214	1591	1802	685	0	691	2261	0	0	0	0
ENSG00000137309	1988	6644	10128	0	4822	4522	4138	898	2527	4853	3307	0	3190	2455	2854	1256	5486	4940	3586	3226	1789	3155	4223
ENSG00000138083	1584	4844	4018	0	7583	7484	12239	5134	0	1751	1932	0	1323	2443	2581	2025	0	18258	9782	1366	0	1184	1319
ENSG00000138160	5038	3766	5109	3331	4598	8464	3371	3585	4846	9033	4406	3782	4172	6878	6645	4635	4062	19769	7891	8178	4799	7065	9621
ENSG00000138279	3826	3167	1578	2643	2501	2136	2299	2528	2565	3246	3780	2453	2451	1683	2420	1892	2485	2743	2104	2564	2555	2226	2593
ENSG00000138326	2214	3044	315	1974	890	1445	1884	1072	1438	1424	1169	1416	1128	1145	1469	708	1453	2622	1170	1650	2073	1097	3000
ENSG00000138449	0	1076	1921	1156	3143	2962	1907	2547	5425	906	0	2183	1331	3062	1802	2288	8500	2175	2987	4195	1280	927	1811
ENSG00000138463	4132	4607	4021	2672	3227	3053	2653	2932	3193	3579	3147	2959	847	3050	3191	2999	2976	1959	3042	3330	3285	3314	3098
ENSG00000139083	3782	3082	3373	2917	5325	5365	2195	5530	5049	2035	3777	3345	5539	3325	7119	5317	6127	13425	2206	5475	3408	5601	6160
ENSG00000139219	1276	5221	2223	2423	5032	4844	2042	3474	0	0	1402	0	934	2113	4689	0	0	7441	4423	505	3655	0	378
ENSG00000139618	3464	2008	2591	2556	2548	4299	1078	1610	1982	2656	1561	2640	2848	1778	1607	3058	2723	8512	3791	1555	1853	3731	17139
ENSG00000139687	176	2575	2500	2304	2392	2411	2603	2324	2851	2185	3608	3275	3289	3572	3490	3871	3223	3399	2644	3114	5727	3500	5258
ENSG00000140262	2613	2279	3146	2677	2683	3928	2679	3186	3720	4317	2921	3094	3063	3065	1759	417	1274	4757	3264	3568	4305	402	359
ENSG00000140416	2070	5486	4109	461	2331	2398	2937	2509	2725	2159	8438	0	5695	1759	1657	2270	5334	3258	2511	2312	3587	2590	0
ENSG00000140443	4580	4928	5167	1980	5368	8150	5003	4167	3795	5547	4140	1110	5581	4876	5154	5452	3095	6162	5156	5744	5775	5455	5085
ENSG00000140459	3595	658	2615	2047	1834	2111	1204	0	0	620	1286	864	944	964	1236	971	779	7025	2802	1552	1150	985	1052
ENSG00000141030	2763	3880	3709	3089	4552	2234	4106	4316	6120	2955	3540	2582	3726	3707	3627	3870	4839	5555	3152	2913	3599	3172	5066
ENSG00000141448	2566	11470	4567	3065	1684	8284	5830	4451	0	0	6595	1281	3304	4642	8045	6517	2534	6489	8038	2670	3238	4680	3872
ENSG00000141510	3291	6244	2445	3718	3040	4179	2111	4013	3918	4095	4738	4143	4528	4834	4537	4088	4830	4201	4355	4895	5649	4870	4753
ENSG00000141646	1765	3237	3639	3412	3727	3296	2839	1699	4383	2628	2722	1393	3097	1954	2060	4138	4828	8371	3212	3393	2470	4501	4319
ENSG00000142156	2336	10955	9246	0	580	2291	1533	1116	1025	497	1319	802	2454	3198	2759	1820	1616	4915	2755	0	2218	595	1170
ENSG00000142731	1608	1820	1661	1532	1841	3441	3133	1854	2854	2270	1688	1998	1913	2553	2119	2097	227	6365	4118	15149	1859	1949	17119
ENSG00000142871	3732	3737	3882	939	6122	2839	1981	5191	2237	1408	2621	1593	3496	981	2684	681	1824	6651	459	0	1646	0	0
ENSG00000143252	7095	2708	2738	1343	1863	1791	1485	2392	3818	2025	4815	1248	1840	2086	4895	2372	10190	6536	1976	1742	1997	1789	1759
ENSG00000143368	3486	2780	909	0	4432	1716	1192	1684	5239	3203	982	4193	1701	614	4702	1861	992	8238	1447	1655	572	1275	1832
ENSG00000143514	829	3116	3008	856	3867	3925	3183	3447	3792	2353	2880	3404	3755	4201	3693	3317	2309	11860	3207	3511	1242	492	3522
ENSG00000144285	511	0	0	0	0	6252	0	0	0	0	0	0	0	0	0	923	0	2502	0	0	0	0	0
ENSG00000145335	2659	2176	2837	3177	4266	6380	2166	1471	4931	0	1839	0	4647	3912	2149	3813	5616	7561	2831	2349	5532	2919	1796
ENSG00000145362	2997	2084	822	846	4318	3778	1762	1864	0	1207	0	0	2337	4137	4363	2784	0	3829	5029	6166	1669	4326	5282
ENSG00000145675	4009	2470	1302	2947	3783	5164	3156	5423	3024	4429	2718	2999	3026	3059	3517	4476	3238	3559	3726	2914	3928	3781	4219
ENSG00000145715	2377	3138	1775	2640	3510	3761	3088	3930	3761	4225	3558	3536	3459	3122	4007	3919	6263	9398	3502	3263	1771	3148	7493
ENSG00000147883	2574	248	913	1513	1557	2556	1172	0	0	2415	1734	2694	1609	1913	1532	1846	0	2248	1267	2399	1545	1903	1906
ENSG00000147889	3079	3345	3612	3531	2917	3167	3388	0	3730	3495	2978	1747	3219	3644	3254	3417	0	3776	3448	3142	3525	3472	3328
ENSG00000148400	1211	19244	7389	0	4902	2468	12779	2284	2275	2738	3731	0	1162	1426	2235	1693	2275	2544	2650	3052	1065	1217	2428
ENSG00000149311	1842	428	740	2172	3165	3217	3222	2555	3946	7333	2764	2726	5377	3676	3223	3609	3841	6909	4185	7828	3737	5287	5354
ENSG00000150907	1991	3955	4423	0	4122	6744	4123	4740	2872	5731	3016	0	4002	4792	5422	3891	3727	14877	5713	5690	6314	5179	6016
ENSG00000151322	3436	2964	3396	3959	3430	4432	3189	1768	0	1881	1033	0	1881	2790	2499	2185	0	5653	3970	2666	0	1325	1425
ENSG00000151348	1209	177	1446	1060	262	3187	1064	2986	3160	1829	1856	2724	308	1760	1591	1314	2741	2115	1959	1230	1719	221	2557
ENSG00000151702	4385	7061	5328	3513	6496	4435	5841	1832	3053	3571	0	0	3981	2668	6158	2651	0	5691	6779	2791	2364	2713	6263
ENSG00000151929	641	1723	2709	2728	1585	3394	2493	2379	2382	2864	219	0	2017	2454	2688	2667	3398	6151	2045	1101	1299	1973	1628
ENSG00000154473	4247	2137	1854	2227	1885	1272	879	3660	4042	5531	2866	0	5144	1443	3979	1546	2616	13362	3083	1914	3139	2295	2369
ENSG00000156970	0	2641	3663	1027	6531	4516	1531	2292	7379	1001	6760	4127	6062	2271	3705	4161	5388	10593	3143	16880	2934	6060	14184
ENSG00000157017	1329	1197	0	0	0	0	0	0	0	1844	0	0	0	0	0	0	969	3888	0	0	0	0	0
ENSG00000157540	3752	4133	3068	405	2732	1937	3251	2837	2921	3900	358	1665	5016	3073	4977	1943	3804	3958	3490	1980	1858	351	3365
ENSG00000157764	2174	1584	1771	1821	1768	6150	1682	3638	3107	2400	2632	1835	3183	2520	2658	2750	2451	7865	2682	2983	954	3180	4424
ENSG00000158321	4371	5316	4385	1886	4449	5261	3534	3656	3497	3585	0	0	3219	3714	4937	3511	2243	3986	5412	4373	3867	3454	3750
ENSG00000158517	0	0	0	221	0	0	0	0	0	0	0	0	0	0	0	0	0	0	0	0	0	0	0
ENSG00000158828	2649	2419	4165	5030	2477	2078	2277	2152	3045	2472	3132	2488	2313	2080	3830	2481	4823	2039	2003	1706	2494	3117	2548
ENSG00000158887	7095	2708	2738	1343	4975	1791	899	2392	4932	4247	4815	1248	4221	5310	4895	4658	10190	6536	2948	3286	3333	3243	3581
ENSG00000159216	3898	3629	2334	3440	5766	6060	3366	5971	2211	2935	5105	2128	6314	1510	3335	6593	8525	4340	8281	6962	3812	3380	4308
ENSG00000160710	2585	2450	2791	2555	2702	3147	2210	2813	3335	3910	3074	2485	3140	2620	2568	2937	2735	5561	2981	2715	3989	3121	3632
ENSG00000161594	3566	1949	1548	1364	2651	1602	1735	1678	2496	2545	1546	2701	2499	2529	2032	1943	3258	3195	2755	1875	1632	1805	2760
ENSG00000162374	2142	1270	1565	1707	1018	3494	0	2755	2840	0	0	0	961	0	1377	0	0	1166	2142	0	0	0	0
ENSG00000162599	4032	2173	3054	1977	2477	8699	5276	8181	0	1970	9417	3479	9084	11081	10029	10959	8895	11109	9802	11346	10726	11374	11905
ENSG00000162711	2613	1696	1091	2054	0	4695	0	1782	1930	1456	2099	0	526	0	0	0	0	1419	0	0	0	0	2153
ENSG00000163132	0	12619	851	0	3593	1974	5981	1451	0	2179	3125	2711	2110	5696	2544	507	2648	10392	2488	864	1633	3154	1666
ENSG00000163931	2206	3374	1727	2348	5026	1335	2517	0	222	3492	3737	1768	2554	1834	1650	2360	5991	3241	1714	0	1693	1727	2668
ENSG00000164093	1927	5517	2791	2689	5637	8786	2764	1503	0	1119	3438	0	2772	3979	9083	1472	0	16693	3305	2454	1154	1347	2488
ENSG00000164109	2445	2865	2372	2351	2118	5580	2006	2220	1007	12921	2893	3719	934	7669	3165	6373	490	7265	800	7473	455	2693	10898
ENSG00000164190	3573	2691	1738	2533	2639	4573	2616	3036	4589	3547	3353	3017	4606	3151	3744	5046	3002	4642	3229	4998	1566	1902	4512
ENSG00000164362	3074	1595	0	0	2083	0	2158	1394	2159	0	0	0	0	0	0	0	0	0	0	0	0	0	0
ENSG00000164690	1422	1003	3559	174	882	5400	8263	553	0	399	0	0	1286	0	1375	0	0	0	3906	0	409	0	239
ENSG00000164692	1346	440	1342	1402	5428	5621	2198	2284	0	1869	1793	0	5013	5605	5693	223	3454	3846	3345	2451	2892	1273	5239
ENSG00000165588	2605	0	1517	5289	5190	3110	3100	0	0	0	0	0	0	3363	2576	0	0	0	5083	0	0	0	0
ENSG00000165671	4781	5605	7551	1785	5219	2541	3553	2311	2923	734	2542	0	7516	5510	5326	4809	3580	7497	4850	7233	1224	5153	7682
ENSG00000165699	1254	3829	3381	3374	6960	6349	1763	4573	3720	4546	3167	3107	4677	1391	6054	3699	5974	8064	3777	3999	5033	3709	4787
ENSG00000165731	2055	1922	0	1594	1358	0	4688	1626	0	0	0	0	2301	2757	2457	1553	0	3982	4051	708	2872	0	0
ENSG00000166068	6460	3806	2845	1690	4313	4465	2718	4695	0	3745	4294	4300	4462	4331	4722	3794	4459	4573	1368	1376	4509	4663	4372
ENSG00000166147	4333	2424	4490	3107	4756	3220	342	2434	4078	6536	520	0	4138	3922	5742	4335	0	2783	4878	2384	2267	3514	4184
ENSG00000166573	3229	4287	827	2835	2487	865	4108	1271	317	0	0	0	0	2845	3189	0	0	0	3414	0	0	1328	1119
ENSG00000166603	0	0	0	1676	2578	5256	1395	1852	3019	0	0	0	1148	0	815	0	0	1038	2747	1681	2793	0	2536
ENSG00000166949	3490	13083	3669	4050	4137	5295	2666	3461	1720	2798	4449	0	4136	2603	2663	1438	5950	2193	4157	2411	3490	493	539
ENSG00000167034	3816	2622	2840	2687	2231	2356	2852	1968	0	1613	1899	1996	2421	2635	2725	1540	1500	3876	2893	1767	1725	1900	2456
ENSG00000167371	1751	6446	2110	2185	3044	1540	8246	1075	1574	1103	1869	0	1687	1918	1229	1264	2920	4615	2371	1626	1644	1645	1732
ENSG00000167522	990	3230	2734	892	3072	902	2832	1103	2798	1797	1845	786	2962	1780	2087	1230	2338	1316	1368	1095	1670	1620	1701
ENSG00000167548	710	2689	1628	0	2208	1738	3590	2097	3016	2461	3066	0	3667	3272	2163	2066	2606	3935	2983	2448	3061	2937	2837
ENSG00000168066	0	3014	2777	0	1707	1955	2525	2596	561	3204	700	0	2274	2210	1707	1568	2071	2496	2286	2257	1559	1493	787
ENSG00000168137	2686	4193	3492	0	2532	0	2726	2612	2822	3101	2341	0	3148	0	2803	0	2833	4600	1042	2641	817	0	722
ENSG00000168214	2429	4772	4447	2831	3282	4108	2973	3708	3210	4250	2764	3240	3477	3230	5259	3290	3675	3615	3603	3335	3973	2793	3308
ENSG00000168477	2202	10506	3267	0	3454	2758	1205	744	1918	0	3127	1884	1108	0	2874	2721	4727	5251	2703	2833	0	3086	692
ENSG00000168496	1356	2191	2004	1391	1687	1585	2088	1410	1791	1789	2269	917	2276	1761	1767	2074	1439	2159	2046	1791	2197	1901	2275
ENSG00000168542	0	0	0	1475	12097	22186	0	7891	0	0	0	0	1087	8752	3951	713	0	0	0	4613	5077	940	7269
ENSG00000168621	2386	7430	9187	5988	6928	6536	7381	4361	0	1905	1635	618	4951	5225	4992	2487	564	7351	6983	6936	5594	4787	7459
ENSG00000168924	2605	3045	4956	181	2307	2139	5132	2100	2380	2267	2183	0	2390	2192	3126	2352	2216	2249	3079	2632	2571	2480	2877
ENSG00000169071	3461	4130	1540	3020	3143	5463	2656	4132	0	0	4180	0	2845	3486	2784	1586	7404	10674	2416	2672	2482	2608	2417
ENSG00000169554	3219	2895	2092	1649	3654	11371	1295	4832	4943	4576	2697	0	1773	9304	13354	10095	8771	3194	6162	7532	1054	7239	8926
ENSG00000169598	2165	3540	1085	1890	2555	2008	3604	1745	2493	2013	2992	1705	2695	2011	2415	2442	1951	2869	2669	1961	2361	3051	3091
ENSG00000169855	4232	2705	4243	2768	3596	5040	4080	5321	0	2320	4128	3347	4433	5043	6150	5583	0	2499	9050	5352	4459	3668	2195
ENSG00000169877	5959	1966	2383	2481	2018	0	0	2686	1871	0	0	0	1887	1904	2046	0	487	5455	2407	0	0	0	2069
ENSG00000170322	3113	2792	2174	2262	2519	1923	2009	2405	2656	1786	1595	690	2399	1732	3062	1828	2392	3386	2542	2942	2127	1716	1930
ENSG00000170820	0	2405	0	1940	0	0	0	0	0	0	0	0	0	0	3927	0	0	0	0	0	0	0	0
ENSG00000171316	156	2968	2641	1046	3310	3863	2671	3618	2787	3960	1256	1455	3613	3873	4473	3950	5366	3133	3599	3359	4763	3577	3303
ENSG00000171456	4142	3826	2745	1629	2712	2349	2587	5228	2894	5940	5492	2926	3825	2838	5746	2667	5874	5067	1413	2427	2711	2667	4613
ENSG00000171735	6758	2649	3364	0	2870	2805	2345	1138	3168	4270	3039	0	3097	3070	2697	3526	2887	3633	2854	3518	3017	3594	3964
ENSG00000171843	3781	4782	5026	4886	5780	8031	5498	7200	4917	7128	5728	0	5212	6642	6605	7142	0	6679	6129	6670	5524	7090	6587
ENSG00000171862	4383	4299	4438	1778	4142	3780	3225	3587	3756	4938	3148	2934	4488	4588	2416	4339	3663	10375	4516	3523	3376	3501	4438
ENSG00000173253	2410	3507	1816	1556	4216	11579	6665	969	2052	1977	1525	0	1288	3296	5984	1545	0	2740	2217	2781	845	1001	1431
ENSG00000173473	3796	3214	1721	1816	1830	1950	2719	1965	856	3278	2315	0	3459	2686	2524	2757	4124	7538	3404	2597	2751	2622	2302
ENSG00000173575	0	599	0	294	0	0	0	628	1715	805	0	0	0	0	1432	0	0	1679	0	0	0	0	566
ENSG00000173757	2608	4159	4936	852	540	2855	2282	2400	3226	2427	3001	2500	2606	2899	3664	2114	684	7048	2564	2327	2442	2479	2269
ENSG00000174106	1800	2217	2646	1808	2154	2254	1913	2127	2748	1213	2773	2948	2269	2439	2362	2685	539	507	2716	2718	2821	2639	2434
ENSG00000174405	2375	2699	1897	2041	2936	1909	1978	1508	2766	3660	2609	2102	2868	1842	6050	1774	4215	6144	2665	2730	2785	2802	2326
ENSG00000174437	3027	2700	444	2887	2948	2829	2837	2864	3087	2713	4201	0	2932	2775	2801	2848	3004	1997	3539	1308	2768	2766	2179
ENSG00000174804	2726	3136	2353	2386	815	2343	2842	2167	0	2656	3009	0	3082	2733	1104	1185	2823	4976	4538	4075	2381	2332	2566
ENSG00000174842	1222	1537	1487	1802	1812	1968	1132	1650	2791	3324	1850	1522	2403	2625	1981	2809	2722	3335	2138	3218	3028	2746	3729
ENSG00000175054	1192	1127	2039	1210	2646	2160	1460	1822	3431	3540	2381	1847	2725	2092	589	2392	546	10989	4899	4061	2949	2532	2829
ENSG00000175344	4068	2596	4392	3085	2742	3144	3148	4056	0	0	2094	0	1233	2493	2166	2119	1443	2745	4644	1908	2962	0	0
ENSG00000175646	0	0	1462	3410	2037	0	0	0	0	0	0	973	0	0	0	0	0	0	0	0	0	0	0
ENSG00000176165	3785	3456	1590	1874	3425	981	3424	2215	0	368	0	2845	1044	3475	3950	2905	6485	3772	2188	1242	0	0	997
ENSG00000176692	3499	3863	3560	2887	3558	3660	1349	3322	2871	0	3054	1534	1310	5969	10670	4373	0	5859	5204	6884	3155	4157	4678
ENSG00000176974	2546	2089	1814	1879	1974	2026	3098	2158	2668	2425	2300	0	2023	2041	2094	2076	2293	2414	2063	2677	2497	1988	2126
ENSG00000177302	2109	7404	2642	2225	2005	1860	1809	1717	2057	2118	2482	2137	2287	1943	2273	1998	1870	3209	2466	1801	2074	2590	2723
ENSG00000177374	2936	8225	2397	0	2440	2109	6484	2488	1097	6154	1833	0	2330	592	1164	2783	1843	3485	1609	1718	2864	1113	2211
ENSG00000177426	2958	9240	8175	1438	6442	6205	5383	2109	6961	6402	3164	2082	3892	4993	6547	5880	12799	8029	6122	4269	3328	5305	6541
ENSG00000177519	1499	2986	3003	3243	4037	4801	3032	2556	0	1512	3955	2364	1146	3042	3469	1448	1718	3660	6042	2363	1265	1757	2152
ENSG00000178691	1020	4133	1241	743	643	731	1441	645	820	1906	1453	638	1478	2744	1539	645	1196	2025	1502	2977	2878	2976	386
ENSG00000179295	3052	2444	2095	1432	823	2146	2100	1290	1900	1709	1569	1246	1797	2189	1868	1691	2175	5860	1707	1676	1727	1286	1899
ENSG00000179348	6363	12379	5198	457	7273	4048	2933	3388	2046	1085	3653	3620	3947	4721	5998	3520	1906	13570	4934	3955	1912	3608	4114
ENSG00000179915	3535	2212	1951	3952	3799	4005	1087	0	0	0	0	0	348	2452	1446	0	0	2980	2603	0	340	0	1145
ENSG00000181090	4054	8728	1611	699	2008	1950	4299	1759	2069	2005	3491	0	2091	1955	3350	1945	2241	2715	2161	1867	1658	2118	2079
ENSG00000181163	0	6276	3192	1013	2219	1292	2560	1173	2374	2451	1503	837	1987	2619	1830	1040	851	5061	2117	2502	1152	1895	2048
ENSG00000181449	3553	3003	1542	0	1890	0	2936	7841	0	0	0	0	3325	1662	2272	2424	1182	5334	4564	2396	3345	0	2299
ENSG00000181481	2898	3556	163	3066	1747	2656	1773	4810	3420	4694	2567	0	2806	2113	2772	2915	1142	5113	3783	2414	3756	2966	2211
ENSG00000182185	3058	2278	5883	1921	2828	5369	2650	6189	5850	4471	2661	2184	2590	2400	2301	5552	7391	6426	5546	3158	3250	2541	2862
ENSG00000182197	440	731	1501	847	2918	4977	2453	4546	1751	2984	4532	2722	1186	2884	4868	3459	3580	5254	0	0	2033	0	0
ENSG00000183072	2775	1390	1662	0	1165	2798	2854	1978	0	0	0	0	780	1172	2957	2601	0	1342	7239	854	0	0	1424
ENSG00000183691	3325	3417	3374	451	2698	6238	2705	2695	3062	2291	4162	0	6679	6245	7014	2595	0	1583	2702	2680	5812	3191	2539
ENSG00000183770	2476	2721	7309	1752	3178	1515	3856	2142	0	0	3333	0	1265	1128	3262	1084	5215	2621	4146	709	2856	1111	1051
ENSG00000184058	0	6454	0	0	2406	0	13151	924	0	980	0	0	1962	0	2545	0	456	3141	8949	1309	1746	0	0
ENSG00000184302	1663	2517	618	1817	615	5056	1906	0	0	0	0	0	0	1485	1663	0	0	4424	2873	0	0	0	0
ENSG00000184779	0	0	0	0	0	0	0	0	0	0	0	0	0	0	0	0	0	0	0	0	0	0	0
ENSG00000184937	2273	7026	5393	2286	4298	6603	11383	2555	3206	0	0	0	3399	3529	6591	0	3893	10857	4472	2072	0	0	0
ENSG00000185338	2997	1716	2360	768	2932	2665	1174	5129	1050	5915	6273	4619	1163	797	2812	622	3625	7953	6207	2651	664	1403	3766
ENSG00000185345	2526	1702	1795	817	2658	5537	1544	2281	0	2301	1508	2618	2281	2835	2254	2216	2712	12212	1984	2469	1809	2201	2199
ENSG00000185551	3279	7981	2173	3578	3832	6091	3192	8485	0	5352	5010	3267	9538	8502	9383	11772	9553	2769	3326	3173	9513	7762	7603
ENSG00000185920	4174	7477	4417	1314	3809	4782	7253	6326	1797	6555	8590	3210	7219	7612	7194	7273	7929	6022	8525	7174	8021	7499	7890
ENSG00000186081	0	0	1507	0	0	0	0	0	0	0	11091	0	1489	1755	0	0	0	0	0	0	1631	0	0
ENSG00000186153	1697	3081	2180	2665	2442	2073	2792	2543	4105	4457	3611	2085	2497	2445	4146	2668	3101	4152	2805	2889	213	2930	2433
ENSG00000186575	1483	1380	3019	2830	2122	1379	1228	2911	2893	2592	1720	1239	445	427	3674	3897	4924	2143	1138	1879	3457	1005	2195
ENSG00000186765	0	1742	2545	0	887	0	9228	0	0	0	2789	0	836	0	0	0	1163	0	0	0	0	440	715
ENSG00000186790	2234	1229	1486	745	1608	492	1857	0	0	1183	0	0	929	2231	1405	1162	0	283	2667	0	647	278	686
ENSG00000186868	1293	4958	4380	4787	4592	4636	2187	4600	2445	1440	2998	3292	2315	2670	3231	2095	2235	7980	1814	2533	1809	1699	2085
ENSG00000186895	1767	0	4694	0	2737	1848	2974	0	0	0	0	0	836	0	2019	0	0	0	2870	0	0	0	0
ENSG00000186951	3556	4183	6783	0	3757	2260	5195	2331	2865	2746	3510	0	4531	2535	2725	2995	2690	3269	3014	2518	2835	2751	2792
ENSG00000187098	3756	3679	5837	2737	3020	4473	3195	5491	0	1819	2558	2376	3651	3842	5270	2617	4418	7748	4180	3683	3762	4681	3511
ENSG00000187210	4523	2001	2947	1664	1799	1900	1573	2422	1452	1914	2272	0	2333	1791	1629	2600	2390	6164	3896	2384	2009	2213	3086
ENSG00000188486	2092	5388	3282	2525	2367	1927	3200	964	1543	2543	3130	2430	1807	2707	1569	2033	5012	2136	3695	2394	1791	2411	2795
ENSG00000189056	3719	2133	2852	917	2185	2586	2820	1771	0	0	0	2783	2747	2213	2765	3515	4245	0	2673	3324	1419	3771	3233
ENSG00000196092	3887	4635	1444	2280	4448	3814	9104	3090	1636	7067	0	0	3786	1979	3994	374	0	5433	3730	1999	1404	1474	1237
ENSG00000196218	3399	3173	0	2330	417	4003	198	1120	0	766	278	0	0	1984	2049	0	604	1983	0	0	0	0	0
ENSG00000196220	949	715	2621	1986	2786	4167	2287	2908	3222	2786	0	0	4367	2399	2631	2053	1114	11669	3303	3015	4150	2514	2810
ENSG00000196628	3189	2218	1582	2591	3830	5462	1572	3813	5763	10883	1414	0	6082	6855	8865	5711	8368	10287	5519	6736	9632	6163	7689
ENSG00000196712	2455	1593	814	3240	2362	2317	363	3961	3990	2749	2212	601	2454	3923	4153	2463	4095	2908	2326	736	2537	2691	4159
ENSG00000197283	4917	11762	4820	180	4038	2613	3425	4024	3257	8452	5416	4572	4529	3628	4214	3262	4991	3941	4429	4026	4615	1579	3662
ENSG00000197299	2271	1226	2055	1565	2182	2358	2048	2059	2654	1824	2913	2007	2784	2809	1871	2006	2573	1869	2555	2500	2816	2661	2513
ENSG00000197728	1019	2234	2167	1995	1467	1595	1350	1455	2759	458	2228	1196	1698	1337	1560	1391	2542	4465	2437	1531	1633	2131	2648
ENSG00000198087	2205	2096	2782	3016	3243	3647	2607	2397	3090	3281	2207	2910	2438	2687	3828	1100	4615	4809	3944	3155	2951	3237	3321
ENSG00000198691	1757	3205	5202	1177	5415	6083	3150	3452	3012	0	5131	2812	1411	2434	1317	4120	0	3298	4233	1700	0	619	5164
ENSG00000198743	3090	2766	3426	2752	2946	4633	2840	2489	3184	2994	4035	1831	4145	3211	4148	2725	792	16559	3417	2675	2886	3050	4278
ENSG00000198807	402	3372	3993	2196	5779	4096	9822	2741	0	0	3022	0	2508	2637	8339	2496	3391	10384	5472	2153	1510	1797	670
ENSG00000198836	1916	2336	594	941	770	4145	2176	1876	2621	2161	991	2448	673	2163	2027	693	6632	7812	4163	2270	5862	666	4376
ENSG00000203883	1762	10893	5589	0	2292	0	9193	461	0	2082	1351	1109	0	2082	893	4509	2367	1643	0	0	0	0	614
ENSG00000204217	3068	4052	4311	1635	3217	3328	3263	3521	3665	4994	3657	2962	3005	3631	3295	4430	411	3941	3074	4139	3713	3046	3598
ENSG00000204370	2480	2450	1323	1244	1439	1499	1225	1734	1620	1691	1834	1226	1742	1432	402	1585	1593	2298	2097	1458	1839	1491	2082
ENSG00000215021	1214	2631	1130	1320	1378	1785	1464	1551	1832	1815	1342	0	1653	1951	1883	1849	1318	2757	2819	1761	2155	1895	2724
ENSG00000251322	685	3307	4768	0	2781	3761	3012	528	0	0	0	0	2023	677	2750	3145	0	8005	1636	0	654	0	0
ENSG00000256463	2886	1244	0	0	2918	4130	0	0	0	0	0	0	0	3114	853	0	0	3267	1717	0	0	0	0
ENSG00000256525	2583	2283	1511	1451	1348	953	1064	1443	1628	2296	1688	1035	1236	1351	1276	1160	1414	2762	1482	1295	1280	1158	1281
ENSG00000273079	3159	2044	2742	2492	3545	4542	0	2063	0	0	0	0	1946	0	1884	0	0	0	2690	0	0	0	0
