gene	E003	E004	E005	E006	E007	E008	E011	E012	E013	E014	E015	E016	E017	E019	E020	E021	E022	E026	E029	E032	E034	E037	E038	E039	E040	E041	E042	E043	E044	E045	E046	E047	E048	E049	E050	E055	E056	E058	E059	E061	E062	E063	E065	E066	E067	E068	E069	E071	E072	E073	E074	E075	E076	E078	E079	E080	E084	E085	E087	E089	E090	E091	E092	E093	E094	E095	E096	E097	E098	E099	E100	E101	E102	E103	E104	E105	E106	E108	E109	E111	E112	E113	E114	E115	E116	E117	E118	E119	E120	E121	E122	E123	E124	E125	E126	E127	E128	E129
ENSG00000001631	1	1	1	2	1	5	3	3	3	1	3	4	3	1	2	1	3	3	1	2	2	1	2	1	1	4	1	2	1	1	1	1	2	6	3	9	4	12	2	5	2	3	5	1	9	9	6	6	7	6	9	2	2	3	1	4	1	1	2	2	2	4	1	3	1	2	2	6	3	5	2	2	2	1	3	3	1	3	1	2	1	1	1	2	3	1	2	5	3	3	2	1	3	3	4	7	2	4
ENSG00000004866	9	2	2	5	2	14	3	6	6	3	5	8	4	3	6	5	5	5	3	2	3	6	3	3	2	3	1	2	5	2	3	3	6	7	8	6	4	4	3	7	2	2	22	4	6	9	6	4	5	7	4	3	10	6	5	3	5	2	4	4	4	8	3	6	1	8	12	7	4	2	6	2	2	5	12	13	2	5	6	4	2	4	1	0	9	5	5	4	4	8	5	8	5	10	4	4	3	12
ENSG00000005339	3	6	3	0	3	5	11	14	8	5	1	4	4	1	1	4	6	6	5	9	5	3	2	16	6	11	4	2	6	5	3	2	4	8	4	16	12	6	5	7	5	10	12	9	7	14	7	9	8	11	12	4	11	9	8	4	3	4	4	1	6	0	4	2	4	16	16	5	4	1	19	3	3	7	6	23	5	6	10	7	4	5	4	3	6	3	4	4	4	6	3	6	18	6	6	5	8	6
ENSG00000005513	3	4	1	0	3	1	15	6	4	3	0	2	2	0	0	0	2	2	1	1	7	4	6	11	6	9	5	8	5	12	6	4	4	4	1	10	19	1	12	5	6	2	6	1	24	15	14	13	15	28	8	7	6	1	4	3	1	2	6	10	15	2	9	3	2	2	8	5	13	1	5	9	3	7	1	32	6	3	8	2	10	10	1	1	2	2	4	0	5	5	5	1	1	2	1	1	1	2
ENSG00000006704	9	5	1	1	5	5	6	12	7	5	5	6	6	3	2	2	13	3	0	0	2	3	3	3	2	1	4	1	1	4	0	0	2	5	1	13	18	6	7	8	2	4	1	4	5	15	11	11	7	16	13	10	19	3	9	5	8	10	11	15	12	3	8	6	6	17	6	9	8	4	19	12	7	8	12	38	9	12	8	12	9	1	4	4	2	11	3	3	3	6	3	3	0	4	0	3	2	11
ENSG00000007168	6	5	4	4	8	12	9	7	3	6	5	7	5	2	6	4	6	4	1	3	6	3	2	4	2	13	7	5	9	4	5	4	2	8	7	17	17	4	6	11	2	11	5	3	9	7	9	5	9	8	6	2	10	2	5	6	2	4	7	5	3	3	4	2	2	5	13	4	4	2	16	1	2	4	7	14	2	4	3	4	3	5	2	4	4	2	3	4	3	1	3	3	16	4	5	2	8	8
ENSG00000007372	2	2	0	0	12	1	5	7	0	2	0	2	0	0	1	2	7	0	0	0	0	1	0	0	0	0	0	0	0	0	0	0	2	0	0	1	0	1	1	2	0	0	0	0	9	18	27	13	14	23	14	0	0	0	0	0	0	7	30	0	0	0	0	0	1	0	0	0	0	0	0	0	0	0	0	2	0	0	0	0	0	0	1	0	1	3	0	0	0	0	0	1	0	8	0	0	0	0
ENSG00000008196	2	0	5	0	0	0	0	6	0	1	0	1	0	0	0	2	0	0	0	0	0	1	0	0	0	0	0	0	0	0	0	0	1	0	0	0	0	9	0	5	0	0	0	0	0	0	0	0	0	0	0	1	0	0	8	9	0	0	0	0	0	2	0	0	0	0	0	0	1	11	0	0	0	0	0	1	0	0	0	0	0	0	0	1	0	0	0	0	0	0	0	2	0	0	0	3	0	0
ENSG00000008710	16	14	9	13	5	13	16	9	5	11	9	9	21	4	9	8	18	11	3	3	5	8	5	6	3	3	6	3	5	6	4	6	5	10	7	24	28	11	16	21	1	6	20	12	20	22	16	17	22	20	19	21	15	10	19	11	13	17	21	12	14	9	14	8	19	13	23	20	17	2	29	20	17	22	16	42	19	12	26	12	8	16	7	5	6	8	6	15	9	6	5	6	4	10	8	11	10	8
ENSG00000012048	6	2	1	5	1	5	5	4	3	2	5	3	3	2	2	3	6	3	6	3	2	2	3	2	2	2	1	1	3	2	2	2	1	3	5	11	6	6	6	12	1	2	2	3	1	1	2	1	2	2	2	3	2	3	3	5	4	5	1	3	2	3	3	4	3	3	5	7	3	2	6	4	2	2	4	8	2	2	7	2	6	3	1	10	2	3	14	2	2	2	2	1	7	2	3	2	1	2
ENSG00000017260	5	4	3	7	5	5	7	4	3	7	5	3	3	2	5	4	4	2	1	2	4	4	1	2	2	4	2	1	5	2	2	2	4	3	9	7	4	6	3	3	1	5	4	1	3	9	6	4	5	6	6	4	2	2	3	3	1	3	3	6	6	2	2	3	3	7	5	4	4	1	16	3	3	2	10	2	3	8	5	8	6	1	2	2	9	3	3	5	1	5	2	4	4	6	4	3	2	5
ENSG00000017427	0	3	9	0	1	0	0	0	0	2	0	0	7	0	1	1	0	3	0	3	0	1	0	0	0	2	0	0	0	0	0	0	2	2	1	0	0	0	1	5	0	8	0	7	1	1	2	2	3	1	0	7	0	3	5	0	1	1	0	6	6	6	5	1	0	1	5	9	1	0	7	6	5	2	2	1	7	5	7	2	1	4	0	0	6	0	0	0	2	1	0	2	2	3	1	0	0	2
ENSG00000018625	14	4	1	4	11	11	20	16	12	10	4	9	7	4	12	2	7	3	6	3	4	3	5	3	2	3	2	3	5	6	3	4	3	3	2	15	14	8	9	6	4	11	29	4	28	23	30	22	23	23	19	11	20	11	19	10	9	11	4	15	15	11	9	5	3	15	9	27	6	7	32	13	10	14	22	45	13	4	17	15	6	3	5	6	3	7	7	5	8	12	1	4	8	3	0	7	1	3
ENSG00000021574	5	3	2	4	2	5	4	3	2	2	4	2	3	2	2	3	7	2	4	2	3	4	1	1	1	2	1	1	2	1	2	1	3	1	5	6	6	4	2	4	4	1	4	2	2	3	3	1	4	3	2	2	2	2	3	3	4	2	6	2	1	5	2	1	5	3	4	4	3	1	6	2	2	2	7	3	3	2	6	1	3	2	2	2	2	1	6	4	3	4	4	8	7	2	2	2	4	2
ENSG00000026103	9	1	1	6	3	1	8	8	9	5	1	3	11	4	3	0	1	11	1	13	12	7	7	5	13	8	13	10	13	16	10	4	10	11	2	12	16	7	2	15	3	13	24	14	7	14	9	8	5	16	2	22	22	14	28	9	7	10	3	3	11	2	9	8	6	20	17	45	5	1	12	25	26	19	24	7	28	16	35	10	9	20	2	3	14	3	2	9	8	8	3	1	10	2	12	7	10	11
ENSG00000030582	12	4	4	2	3	5	5	9	3	6	2	3	8	1	2	1	14	2	7	4	4	4	4	4	3	2	4	5	3	4	6	2	3	2	4	17	20	7	19	12	6	3	2	5	18	14	13	11	11	20	11	5	8	2	14	3	8	11	9	11	14	6	7	4	3	6	12	15	4	1	4	5	6	5	9	27	7	3	4	6	7	11	4	6	8	9	3	3	5	8	4	5	11	6	4	5	5	6
ENSG00000032444	9	4	6	3	5	5	5	11	4	7	4	8	9	5	9	2	18	3	8	6	1	7	2	3	3	2	4	1	4	4	5	3	6	4	8	11	15	6	17	13	8	10	7	10	14	16	14	13	12	19	17	13	12	10	8	8	7	8	11	3	8	9	5	6	9	8	16	18	6	5	13	11	12	10	9	27	16	9	17	8	12	12	4	7	5	6	5	6	6	5	7	8	9	8	8	7	8	8
ENSG00000034971	4	1	1	0	2	6	1	2	1	2	1	1	2	1	3	2	4	6	0	0	0	0	0	0	0	0	0	0	0	0	0	0	0	3	2	6	8	0	3	4	1	11	7	4	1	5	3	5	2	1	0	3	14	3	12	3	6	3	1	9	8	7	5	4	3	8	8	8	2	0	6	5	7	8	10	19	5	7	6	9	1	3	0	0	0	1	0	0	4	5	2	0	0	0	5	0	3	2
ENSG00000040608	4	2	0	0	5	2	1	2	0	3	1	1	0	0	1	3	7	0	0	0	0	2	0	1	0	0	0	0	0	1	0	0	2	0	1	8	9	3	7	7	0	0	0	4	24	8	17	11	21	25	5	0	0	0	1	3	3	4	0	6	6	4	7	3	1	1	1	2	3	1	1	3	1	0	0	13	0	0	0	0	2	14	1	0	1	1	0	1	0	3	0	1	0	0	0	0	0	0
ENSG00000043355	28	14	0	23	15	13	19	13	7	23	14	16	0	13	18	7	34	0	0	0	0	4	0	0	0	0	0	0	0	0	0	0	3	0	0	2	2	0	1	3	0	0	0	0	19	24	24	18	17	27	18	0	1	0	0	0	0	0	0	0	0	0	0	0	0	0	0	3	0	0	0	0	0	0	0	5	0	0	0	0	0	0	4	8	2	3	0	0	0	1	0	7	0	15	0	0	0	0
ENSG00000046604	2	8	9	8	2	9	0	6	5	7	3	6	2	1	2	2	4	0	0	0	0	3	0	0	0	0	0	0	0	0	0	0	2	0	3	0	0	21	4	2	0	2	0	1	0	0	0	1	1	0	0	19	1	5	21	1	9	10	1	0	0	5	6	6	1	3	5	7	3	10	0	14	15	2	5	4	17	0	11	1	7	0	5	0	9	4	4	5	0	0	0	3	0	4	0	14	0	4
ENSG00000049540	3	0	2	0	1	4	5	6	2	5	3	0	9	1	4	1	11	3	0	0	0	0	0	0	0	0	0	0	0	0	0	0	0	2	2	16	28	2	8	6	0	9	30	5	15	16	17	15	12	16	12	9	13	3	24	4	3	6	1	5	11	3	16	0	6	8	31	19	9	3	13	12	11	8	15	32	12	12	11	16	2	12	0	0	2	0	0	0	13	12	0	0	0	5	6	0	3	8
ENSG00000049541	7	6	2	4	0	5	3	6	12	5	4	4	14	3	4	2	8	3	5	6	2	5	1	2	1	4	2	1	1	2	2	1	3	3	18	19	14	3	7	10	2	2	7	10	10	8	6	6	8	9	12	7	6	4	7	10	7	5	6	7	6	6	9	10	9	8	8	6	5	2	7	7	5	3	5	13	14	4	8	3	10	5	3	19	14	3	4	2	4	5	3	4	14	5	8	2	7	5
ENSG00000049618	14	9	3	7	4	14	5	12	3	14	7	7	10	5	8	4	12	5	5	13	5	2	6	3	4	5	7	5	7	5	5	6	3	8	11	10	7	11	8	20	8	9	9	6	13	12	12	11	12	11	7	7	8	9	7	10	10	8	6	5	10	6	6	8	3	9	6	17	2	5	9	5	4	10	13	13	4	7	6	8	8	2	4	7	8	5	4	7	7	8	3	4	16	3	8	6	6	7
ENSG00000052850	0	0	0	0	0	0	0	0	0	0	0	0	0	0	0	0	0	2	0	0	0	0	1	0	0	0	0	0	0	1	0	0	0	1	0	5	7	0	3	2	0	0	0	0	0	3	0	11	0	7	0	0	0	0	0	0	0	0	0	0	7	0	0	0	0	0	0	0	0	0	0	0	0	0	0	7	0	0	0	0	1	0	3	0	0	1	0	0	0	0	0	1	0	0	6	0	0	2
ENSG00000053918	1	0	0	0	0	3	4	0	1	1	0	0	0	0	0	0	1	0	4	2	5	1	3	7	2	5	3	7	5	3	1	4	0	0	1	5	9	1	13	3	4	1	0	1	0	1	0	3	0	0	0	15	2	5	1	6	4	7	7	0	0	1	8	0	13	12	14	0	8	0	0	13	14	0	7	29	16	0	16	0	7	3	0	0	1	0	0	0	0	6	0	0	5	0	0	0	0	0
ENSG00000054598	0	6	3	7	0	0	1	0	0	4	1	0	16	0	0	0	1	6	0	0	0	0	1	0	0	0	0	0	0	0	0	0	0	6	0	13	12	9	1	5	0	7	19	2	16	26	23	20	15	18	25	9	1	0	6	14	0	0	2	2	4	4	1	15	1	7	8	3	2	2	6	2	5	1	11	17	1	8	4	0	24	3	5	0	3	8	0	6	3	4	5	0	0	7	1	6	5	14
ENSG00000055118	11	3	1	0	4	3	6	9	11	3	3	1	13	0	2	1	8	0	1	2	6	10	1	4	3	3	3	4	3	7	2	2	9	3	9	4	12	0	10	4	2	3	0	6	13	15	13	14	13	18	13	21	21	9	16	14	17	15	22	9	17	7	18	6	8	21	16	19	5	1	3	26	13	17	33	34	22	3	22	13	3	11	1	3	0	0	0	6	1	5	4	18	0	0	0	1	0	0
ENSG00000056661	11	11	8	7	7	8	20	14	17	10	7	7	11	6	7	4	14	8	5	5	9	11	5	7	4	13	12	9	6	11	4	6	9	13	10	31	36	13	20	30	9	8	14	8	13	23	15	17	14	19	19	19	14	14	19	16	12	14	19	12	12	9	11	14	12	14	28	21	18	7	17	16	9	14	17	34	16	9	17	12	20	14	6	17	13	10	17	8	9	7	11	12	12	11	7	9	10	12
ENSG00000057294	12	7	22	4	1	13	5	0	11	7	8	10	0	5	7	7	12	0	1	0	0	1	0	1	0	0	0	0	0	1	0	0	0	0	1	0	0	20	0	2	1	3	1	5	1	2	1	5	0	5	1	19	0	8	3	0	14	13	10	1	1	8	8	1	7	19	0	2	5	4	7	16	20	1	24	30	22	1	15	8	2	2	3	0	1	7	9	8	1	2	1	1	2	1	0	12	0	0
ENSG00000066926	3	2	3	2	1	3	2	8	2	2	1	3	1	0	1	2	6	1	3	2	2	7	3	1	1	4	1	1	1	1	4	1	4	1	6	4	6	1	1	9	2	2	5	1	8	7	5	7	2	4	6	3	7	3	1	3	2	2	1	2	4	3	3	4	1	2	4	3	3	1	5	4	3	3	1	4	5	2	5	1	10	4	1	2	2	1	1	2	1	1	1	7	3	1	3	1	1	1
ENSG00000067082	7	20	13	12	3	12	6	7	7	11	6	9	13	5	6	2	11	5	15	7	9	9	6	10	9	9	8	10	7	13	8	6	9	7	8	15	17	19	12	11	9	5	14	10	10	9	10	8	8	11	6	10	8	6	16	9	8	10	7	10	9	7	9	13	14	11	24	14	14	10	21	11	8	5	20	21	15	4	21	7	17	19	7	12	4	6	7	9	7	6	6	6	10	5	11	10	7	7
ENSG00000067955	4	6	10	2	1	0	6	4	7	7	3	2	13	0	1	2	5	7	3	2	3	4	3	4	4	7	4	2	6	5	2	3	5	16	5	12	15	3	5	12	5	4	6	5	13	16	12	15	15	16	17	5	3	2	3	8	4	6	10	6	5	3	5	3	2	5	8	8	2	4	6	3	2	3	6	10	2	4	5	4	3	2	2	7	5	4	3	2	2	3	3	3	11	2	6	2	8	13
ENSG00000068028	11	11	10	12	7	7	11	11	10	10	7	9	19	9	10	5	18	10	18	12	18	10	7	24	18	18	16	16	17	13	13	11	11	13	16	32	44	12	22	31	11	13	20	11	17	24	19	19	15	25	25	17	24	15	25	16	12	17	17	14	12	13	17	18	18	18	29	25	18	10	30	17	13	13	23	40	20	9	21	20	20	15	8	18	8	14	10	10	8	5	9	10	20	10	18	13	12	18
ENSG00000068078	12	7	5	0	3	0	19	17	7	9	6	7	0	1	3	2	14	0	0	0	0	2	0	0	0	0	0	0	0	0	0	0	3	3	0	19	26	7	12	4	0	0	0	7	7	24	19	19	9	17	16	8	1	1	10	0	18	13	3	0	0	5	10	7	1	1	5	1	13	7	0	7	3	0	0	23	5	0	6	0	5	2	3	5	0	4	13	0	0	2	0	9	0	0	0	1	0	0
ENSG00000069011	0	1	3	0	1	0	0	1	0	1	0	0	8	0	0	0	1	6	0	2	0	3	0	0	0	0	0	0	0	0	0	0	2	5	3	13	8	0	1	0	0	1	2	0	0	0	0	0	0	0	0	17	0	4	12	0	2	8	0	2	9	2	12	0	14	0	0	1	0	2	2	11	12	0	0	9	10	2	15	1	0	0	2	4	0	7	3	4	0	0	0	7	0	0	0	0	1	3
ENSG00000069424	8	2	2	0	2	5	9	8	6	3	1	4	5	0	2	2	7	2	8	4	10	7	5	9	6	14	9	6	10	5	7	2	7	2	19	15	12	4	15	32	6	1	2	5	29	25	20	20	22	30	10	6	5	2	6	8	5	5	2	3	2	2	4	6	4	6	9	1	1	4	2	5	4	2	5	22	7	5	5	3	6	5	4	12	3	4	4	4	2	2	1	6	25	3	3	4	2	2
ENSG00000070193	1	2	2	0	2	0	0	0	0	0	0	0	0	0	0	0	1	0	0	0	0	0	0	0	0	0	0	0	0	0	0	0	0	0	0	0	0	0	0	1	0	5	0	1	0	0	0	2	1	0	0	6	1	6	6	0	0	1	0	4	3	0	2	2	3	0	1	5	2	0	1	3	3	3	1	2	2	1	2	6	0	0	0	0	0	0	0	0	0	0	0	0	0	0	0	0	0	0
ENSG00000070413	5	3	2	5	4	3	2	1	3	4	2	3	6	2	2	2	8	5	13	7	10	6	7	16	9	14	6	10	11	8	5	7	4	3	9	18	14	11	7	12	7	2	2	5	16	13	13	10	13	17	15	5	4	6	19	7	4	5	6	11	11	3	6	6	3	3	17	5	14	1	10	7	9	3	3	14	10	3	5	4	11	7	1	12	4	3	3	6	2	7	3	8	9	1	4	6	3	4
ENSG00000070814	4	2	8	3	3	5	1	2	0	3	1	3	4	1	1	1	3	1	3	3	11	5	6	4	4	5	1	4	2	2	6	3	8	5	2	21	17	11	17	25	2	2	0	4	17	10	14	16	17	18	4	3	2	2	2	2	9	9	0	3	4	0	2	4	1	2	9	3	0	3	3	6	6	3	1	7	3	6	5	4	9	4	3	2	5	5	6	4	7	4	1	1	10	4	2	4	2	3
ENSG00000072274	2	3	2	0	1	9	9	3	4	4	2	3	11	1	3	1	5	2	8	7	10	7	4	7	4	14	7	4	19	8	4	1	4	6	12	7	5	3	3	9	3	1	2	2	4	7	5	3	4	6	3	7	2	6	4	4	4	8	3	3	3	6	3	4	4	4	7	5	4	3	10	4	4	2	5	8	11	7	11	2	4	6	1	7	6	3	2	1	5	3	1	7	16	6	2	4	3	3
ENSG00000074047	16	3	1	4	5	15	29	17	15	14	10	10	18	1	10	9	13	6	0	0	0	0	0	0	0	0	0	0	0	0	0	0	0	3	0	16	22	5	2	2	0	0	3	1	1	3	0	1	1	2	0	1	10	2	1	0	3	3	0	5	12	2	15	0	0	0	4	39	0	7	0	1	0	4	1	10	1	3	6	5	0	1	4	0	0	0	0	0	0	3	0	0	0	9	1	2	1	11
ENSG00000075043	9	3	0	1	1	7	3	3	1	4	0	2	0	2	6	3	18	0	0	0	0	0	0	0	0	0	0	0	0	0	0	0	0	0	0	4	6	1	5	1	0	0	0	0	19	15	16	13	18	19	11	0	0	0	0	8	5	5	9	2	2	1	7	0	0	5	0	1	1	0	0	0	0	0	0	34	0	1	0	0	0	0	0	0	2	1	0	0	0	2	0	0	0	0	0	1	0	0
ENSG00000075891	2	3	0	3	0	3	4	1	1	1	0	0	0	0	0	0	1	0	0	0	0	0	0	0	0	0	0	0	0	0	0	0	0	0	0	0	6	0	6	0	0	0	0	0	0	0	0	0	0	0	0	8	0	0	0	0	0	0	0	0	0	0	0	0	0	0	1	0	0	0	0	0	0	0	0	3	0	0	0	0	0	0	3	0	0	0	0	0	0	0	0	0	0	0	0	0	0	0
ENSG00000076242	4	6	2	3	4	3	5	9	3	3	4	2	2	5	3	1	2	2	3	4	6	3	3	7	4	5	2	4	7	6	2	1	3	2	5	8	7	5	2	8	3	2	4	2	3	3	3	1	3	2	6	2	4	1	3	4	3	2	3	1	3	2	2	6	4	14	3	4	4	2	5	2	2	4	4	16	4	5	1	2	3	2	1	9	8	3	2	3	3	2	1	4	15	2	3	1	1	2
ENSG00000077782	29	23	11	5	14	19	12	20	22	21	10	19	14	14	16	19	27	3	1	0	3	3	2	3	2	2	3	0	3	4	0	2	2	7	0	25	24	3	3	6	2	12	19	3	5	10	8	6	3	10	8	9	23	14	8	13	9	9	6	13	16	7	12	6	6	19	14	22	12	6	10	9	4	15	24	43	8	7	13	14	7	7	4	0	0	2	6	0	3	5	4	0	1	4	9	0	8	9
ENSG00000077800	2	1	0	0	0	3	0	3	3	1	1	1	5	1	3	1	2	0	1	2	3	1	1	2	2	1	2	2	2	2	1	2	1	3	1	3	5	1	3	8	1	2	1	3	1	4	1	1	4	3	2	3	3	1	1	1	1	1	2	4	3	1	7	11	7	2	5	1	7	1	2	5	2	1	1	9	2	2	4	4	3	4	1	2	1	1	9	1	1	0	0	1	3	1	0	1	2	0
ENSG00000077809	18	10	5	8	9	23	6	14	13	10	10	14	14	8	10	13	15	11	6	9	9	8	8	13	8	11	12	14	12	10	9	5	7	11	18	12	11	10	4	10	3	14	7	15	11	16	9	11	11	13	18	6	10	10	19	14	9	8	6	5	6	8	7	14	6	16	15	15	8	3	29	9	8	9	20	18	11	18	12	9	21	11	6	9	12	5	8	6	4	6	6	9	13	6	3	9	7	8
ENSG00000077942	9	14	28	12	4	5	6	1	12	4	9	4	22	4	6	6	11	5	0	0	0	0	0	0	0	0	0	0	0	0	0	0	0	8	0	27	34	8	2	10	0	5	7	3	5	16	6	14	2	13	6	18	19	7	24	8	9	11	0	7	10	20	14	4	5	9	34	23	8	3	9	20	11	16	17	25	18	6	28	6	10	7	2	0	0	3	8	5	7	4	0	0	0	7	12	5	7	5
ENSG00000078900	6	0	0	1	2	4	12	6	0	2	1	2	1	1	1	1	9	0	2	5	0	1	1	1	1	1	1	1	1	1	6	1	2	0	1	9	7	6	14	9	2	1	0	3	4	4	2	3	3	7	4	4	1	0	20	0	1	1	1	2	2	6	1	10	0	1	2	0	0	5	2	9	3	1	2	17	5	2	7	0	22	6	1	6	7	2	2	5	1	3	2	1	5	0	0	11	1	1
ENSG00000079246	11	11	5	6	14	16	16	16	15	13	9	15	12	8	8	7	8	2	2	3	3	8	4	11	6	8	10	10	13	5	7	4	5	17	11	18	14	8	11	15	4	6	5	6	16	9	11	13	9	10	14	5	5	5	5	6	11	11	3	6	5	5	7	6	4	3	8	3	3	4	3	5	4	5	3	6	11	3	14	3	7	4	3	10	4	4	7	4	10	7	3	6	10	12	4	6	5	8
ENSG00000081189	5	2	2	6	1	7	2	2	0	5	2	3	2	0	3	2	3	4	4	18	1	5	1	1	0	3	0	0	0	0	12	0	5	8	15	10	5	1	11	25	2	16	14	16	36	17	22	17	31	34	16	13	10	6	10	15	8	9	2	18	22	14	7	8	6	28	8	13	3	0	32	9	12	11	16	12	11	17	11	4	7	16	0	0	13	0	0	0	8	11	6	10	13	8	8	0	10	11
ENSG00000084734	2	0	0	0	0	3	1	4	1	3	0	0	5	2	1	2	1	4	1	2	2	3	2	3	2	1	2	2	2	3	2	2	2	3	3	11	5	3	3	5	1	3	6	4	6	4	4	5	7	12	8	3	3	2	8	4	3	4	2	1	3	2	3	2	3	3	2	6	4	2	2	3	2	3	3	6	3	1	3	2	3	8	2	0	0	2	7	5	1	4	4	2	3	4	3	1	4	6
ENSG00000087266	12	3	2	14	2	7	16	12	7	5	7	7	14	3	8	6	17	5	16	14	15	12	12	12	11	11	16	15	18	22	20	6	16	6	12	34	40	6	22	20	18	16	1	16	16	18	15	17	16	24	21	20	18	11	17	13	15	17	0	10	10	10	11	11	17	16	23	12	17	11	19	16	13	14	19	50	24	11	22	11	15	20	4	4	9	2	9	0	6	5	9	4	21	8	5	6	8	10
ENSG00000087460	27	12	7	10	16	14	6	6	25	14	10	18	8	9	14	10	19	7	5	12	16	7	7	11	8	15	6	9	10	11	9	8	7	19	13	21	20	12	9	21	5	12	15	6	17	13	10	10	12	22	11	10	12	9	8	23	7	12	25	29	27	9	17	13	5	23	14	11	7	3	23	7	7	8	19	14	14	13	20	7	8	11	3	7	11	3	6	11	8	6	12	9	9	17	13	7	13	11
ENSG00000089225	0	0	0	0	0	2	0	0	0	0	0	0	13	0	0	0	3	0	0	0	0	0	0	0	0	0	0	0	0	0	0	0	0	0	0	14	12	0	0	1	0	7	0	0	0	0	0	1	0	0	0	1	0	0	13	0	0	0	0	7	11	12	3	0	0	10	30	1	0	0	0	0	0	0	27	27	0	0	0	0	0	0	0	0	0	0	0	0	0	0	0	0	0	0	17	0	4	0
ENSG00000090402	0	0	0	0	0	1	0	1	0	0	0	0	0	1	0	0	0	0	0	0	0	0	1	0	0	0	0	0	0	0	0	0	0	0	0	0	0	0	0	0	0	0	0	0	0	0	0	0	0	0	0	0	0	0	0	0	10	9	0	0	0	0	0	0	0	0	0	0	1	0	0	0	0	0	0	1	0	0	0	0	0	0	0	0	0	0	0	0	0	0	0	0	0	0	0	0	0	0
ENSG00000091262	0	0	0	1	0	0	0	0	0	0	0	0	1	0	0	0	0	1	9	2	0	0	0	0	0	0	0	0	0	0	1	0	0	0	0	0	0	0	0	0	0	3	0	10	1	2	1	1	1	0	2	0	0	0	0	1	4	5	0	0	0	0	1	0	3	0	3	1	6	0	1	1	2	1	0	0	0	0	1	2	0	5	0	0	0	0	15	0	0	0	0	0	7	0	0	0	0	0
ENSG00000093010	9	8	8	9	7	4	4	3	5	7	2	7	12	5	5	4	17	8	7	2	5	13	3	5	1	3	2	3	5	3	8	2	14	6	24	42	29	5	19	23	4	3	13	16	16	20	18	25	13	23	20	7	24	6	14	13	13	12	24	11	20	13	14	5	21	10	23	21	9	7	10	10	9	11	9	43	7	16	11	18	6	16	3	11	2	2	14	5	6	8	6	8	15	7	3	8	8	12
ENSG00000095002	7	4	2	1	2	9	6	4	3	5	4	6	4	5	4	6	7	2	1	2	3	1	1	2	1	1	2	2	2	2	2	2	2	0	4	8	7	4	3	10	1	1	1	2	3	2	7	2	2	3	3	2	2	1	2	2	2	2	1	2	2	2	1	1	2	2	4	1	3	1	1	5	3	2	1	6	4	0	2	1	5	2	2	2	1	3	2	5	4	0	3	2	1	4	2	5	3	4
ENSG00000096696	5	2	10	7	4	2	2	3	0	10	4	3	4	0	1	3	8	9	0	0	1	0	0	0	0	0	0	0	0	1	0	0	1	11	0	9	5	20	1	5	0	1	0	9	0	2	0	3	0	3	1	12	1	8	26	6	6	8	16	1	1	8	12	10	8	20	3	0	10	8	0	13	15	2	17	24	14	0	14	0	14	4	2	0	0	3	8	13	5	7	0	0	0	8	0	10	0	13
ENSG00000099917	7	6	10	23	4	11	4	2	15	10	7	9	31	1	3	2	8	9	6	7	11	9	7	14	6	17	11	9	21	15	9	7	14	11	16	22	29	18	16	25	4	7	17	4	11	15	15	11	14	15	12	10	8	8	16	14	4	4	10	6	5	10	6	11	4	11	18	12	6	9	21	8	12	11	13	28	17	4	17	8	15	13	10	12	10	6	10	14	10	7	10	10	12	15	15	13	17	14
ENSG00000099949	10	2	4	6	9	4	3	4	3	5	3	4	2	3	5	1	11	2	7	9	3	4	3	8	3	10	4	6	4	3	3	3	4	2	8	28	28	9	18	21	4	2	4	3	12	10	11	10	9	17	13	11	11	3	6	8	4	4	3	3	3	4	7	2	4	3	6	9	5	5	9	10	8	5	4	21	12	3	5	6	3	4	2	2	3	2	5	4	2	2	2	6	13	2	5	4	2	7
ENSG00000099956	9	10	5	8	4	7	2	4	7	9	4	5	9	4	3	4	7	6	3	13	6	4	3	7	4	2	4	3	2	2	6	2	4	7	7	22	37	5	17	15	3	5	5	7	10	12	9	14	11	20	16	9	22	4	7	8	8	11	8	10	12	23	18	11	4	7	8	12	6	9	5	10	6	12	9	33	22	4	12	13	6	7	2	11	11	4	9	3	6	16	3	6	6	3	10	3	3	9
ENSG00000100033	16	11	1	2	3	7	1	2	1	11	13	11	2	6	12	2	14	1	0	0	0	0	0	0	0	0	0	0	0	0	0	0	0	2	2	3	4	1	7	5	0	2	2	2	6	10	8	10	11	10	9	3	6	2	7	0	6	7	0	9	6	3	4	3	1	6	11	1	1	13	7	7	3	2	5	17	7	5	10	2	3	1	0	0	0	0	0	2	3	4	0	0	0	1	0	2	0	0
ENSG00000100084	8	12	8	7	6	7	4	5	10	9	6	5	8	5	8	3	8	4	9	8	20	11	7	12	5	20	7	11	14	9	15	9	11	4	11	18	18	8	8	11	8	9	6	6	10	8	10	11	13	12	9	6	5	5	7	13	5	4	8	4	7	5	5	15	3	6	14	5	6	3	24	6	4	6	10	13	5	9	8	5	11	8	3	20	6	4	3	6	7	7	7	11	17	7	10	3	4	9
ENSG00000100146	9	1	3	2	6	4	3	2	4	3	3	2	1	0	2	3	8	0	0	2	5	0	6	0	0	0	0	0	0	0	3	1	6	0	7	9	15	5	24	32	4	0	1	1	25	23	20	18	23	26	14	5	5	3	2	0	1	3	0	1	2	1	8	1	0	2	1	5	1	4	5	13	6	16	2	6	5	1	6	1	0	3	0	2	1	1	2	2	0	4	0	0	0	1	0	3	0	1
ENSG00000100345	34	26	23	35	10	30	8	4	19	24	20	23	33	8	26	16	36	15	22	25	13	22	19	14	15	7	15	19	4	14	28	22	25	18	31	38	36	33	18	27	36	14	37	16	34	36	35	26	33	33	33	32	21	19	36	30	25	24	11	11	22	28	23	40	31	29	41	39	34	9	50	19	27	19	43	51	32	25	30	11	47	24	11	27	31	20	21	30	19	16	23	10	18	24	27	26	28	25
ENSG00000100393	3	3	3	4	3	10	3	3	6	3	5	3	3	3	3	1	9	4	3	4	10	4	4	12	3	11	4	4	9	2	3	3	3	3	9	6	9	5	6	5	2	6	2	5	2	6	5	3	5	3	4	5	6	5	3	6	3	3	9	2	4	4	4	4	4	3	5	3	4	3	15	4	3	5	5	8	6	5	10	3	4	5	1	6	6	2	5	2	2	3	3	3	13	2	5	3	4	3
ENSG00000100473	1	4	2	2	2	3	0	1	0	1	0	2	1	0	0	3	0	0	2	3	0	4	1	0	0	1	1	1	2	0	0	0	2	0	0	3	3	3	3	2	1	1	0	0	1	11	0	0	0	0	0	0	1	0	0	0	0	0	0	0	0	0	0	0	0	0	0	2	2	1	1	0	1	1	0	3	0	0	0	0	0	0	2	0	3	1	1	0	0	2	0	2	4	0	0	0	0	0
ENSG00000101076	1	7	3	2	0	4	1	2	3	7	1	3	0	0	1	4	2	2	0	0	0	0	0	0	0	0	0	0	0	0	0	0	0	3	1	4	10	6	1	3	0	0	0	11	0	1	1	1	0	1	0	25	0	11	2	11	15	20	5	1	0	0	9	1	4	0	3	11	5	1	0	19	24	1	3	3	19	1	27	0	1	0	13	0	1	7	22	6	1	1	0	2	0	3	0	5	0	4
ENSG00000101115	15	10	5	1	8	20	7	6	7	11	4	8	1	6	7	14	13	0	0	0	0	0	0	0	0	0	0	0	0	0	0	0	0	0	0	3	1	2	2	4	0	1	0	2	0	0	0	3	0	0	1	0	0	0	0	0	5	4	1	0	0	0	4	0	0	0	0	1	3	1	0	0	0	0	0	2	1	0	0	0	0	0	3	0	0	3	3	0	0	0	0	0	0	3	0	0	0	1
ENSG00000101146	2	2	2	3	2	8	1	0	2	3	1	2	3	1	1	1	2	3	1	1	1	1	1	4	1	6	1	1	4	1	1	1	1	2	2	22	11	5	1	10	1	3	2	1	1	3	1	3	1	1	2	1	3	1	1	1	1	2	1	1	1	1	1	2	1	3	1	5	3	1	2	1	1	1	2	3	1	2	1	1	1	2	1	2	1	1	2	3	2	2	2	2	4	2	3	5	4	4
ENSG00000101384	25	15	18	20	16	14	17	22	17	19	11	17	9	5	10	4	13	8	3	1	0	0	0	0	0	0	6	0	1	3	2	0	0	15	4	13	10	25	3	9	0	14	35	9	17	26	10	19	13	29	6	18	22	12	30	9	5	7	7	5	13	9	14	10	7	22	32	26	13	2	23	17	15	10	29	20	22	20	23	19	21	21	6	0	4	1	14	13	10	13	4	0	3	7	13	17	6	9
ENSG00000102974	5	1	2	7	3	10	7	10	2	4	2	2	9	2	4	2	7	5	9	17	14	8	10	19	8	14	10	17	20	12	9	9	4	4	16	22	17	9	11	22	9	8	5	5	15	14	17	13	12	14	7	6	8	7	10	6	3	4	5	9	9	2	7	16	2	12	21	4	6	4	12	6	6	4	9	24	11	8	13	8	15	17	4	21	13	9	3	5	6	3	7	3	18	4	4	4	8	9
ENSG00000103197	2	2	4	10	8	3	16	10	4	3	10	2	11	0	2	3	10	4	1	2	1	6	2	2	1	2	1	1	3	1	0	2	7	8	8	21	37	4	21	15	1	11	5	5	20	24	23	15	14	22	16	20	13	8	16	10	13	12	15	9	13	10	10	11	19	12	13	24	8	5	21	13	12	6	19	32	15	8	18	12	8	14	9	4	4	5	9	4	6	4	4	8	3	8	6	3	8	5
ENSG00000103241	0	2	0	0	1	2	0	2	7	0	0	0	19	0	0	0	3	0	0	0	0	0	0	0	0	0	0	0	1	1	0	0	0	1	0	10	10	0	6	2	0	1	0	12	1	8	1	13	2	7	6	12	6	13	12	0	9	11	1	0	0	10	6	0	25	0	28	5	3	2	0	11	14	5	3	5	14	0	17	5	0	2	0	0	0	5	0	0	0	0	0	0	0	5	0	0	9	0
ENSG00000103449	13	12	3	5	8	3	15	12	14	16	5	11	10	8	8	4	11	2	0	0	0	0	0	0	0	0	0	0	0	1	0	0	0	3	0	8	8	0	1	0	0	0	0	8	19	11	16	12	16	14	19	19	0	0	2	0	6	9	0	0	0	2	8	0	12	0	0	4	2	0	0	16	16	0	0	3	17	0	10	0	0	0	0	0	2	0	9	0	0	0	0	0	0	6	2	0	0	3
ENSG00000103591	3	6	4	3	0	3	5	4	2	6	1	2	2	2	2	0	4	2	2	3	3	3	4	2	5	3	3	5	4	11	3	2	2	5	1	3	5	8	2	2	2	2	4	3	2	1	1	1	2	3	2	4	1	2	3	2	2	5	2	4	2	2	2	3	2	2	3	2	3	3	6	5	8	2	2	3	3	6	5	2	4	4	1	1	4	2	1	3	2	1	2	2	4	2	5	6	2	5
ENSG00000104313	1	6	5	2	4	3	7	6	2	5	1	4	0	0	1	2	4	1	0	0	0	0	0	0	0	0	0	0	0	0	0	0	0	4	0	1	0	0	0	1	0	1	0	0	0	3	1	2	0	2	0	0	0	0	2	1	0	0	0	3	4	0	1	8	1	7	1	0	2	0	4	1	0	0	4	7	1	7	1	0	3	0	0	0	0	0	0	1	6	3	0	0	0	1	0	0	0	2
ENSG00000104447	5	3	4	11	0	8	4	2	9	4	5	4	6	2	2	1	4	13	3	3	7	7	6	7	5	5	6	4	6	7	8	4	6	22	7	8	8	8	1	5	4	11	7	6	8	13	9	6	7	12	7	6	16	7	6	4	4	4	5	6	12	2	6	4	4	7	5	11	5	4	4	6	6	9	6	5	8	5	7	9	7	4	0	5	2	0	0	5	4	7	3	11	11	5	19	3	4	8
ENSG00000104936	17	10	8	13	6	4	6	13	13	13	6	9	14	6	6	6	19	7	0	4	4	8	5	4	3	6	5	1	6	6	5	4	10	6	5	24	27	7	22	17	0	8	17	7	12	14	14	15	11	21	10	23	19	12	11	9	14	17	9	13	13	6	8	7	11	11	20	22	9	7	14	11	11	9	15	24	12	9	24	12	8	10	7	5	4	10	6	10	12	15	5	10	0	7	12	5	10	16
ENSG00000105329	1	9	5	10	1	4	2	3	11	5	6	1	8	2	2	0	4	4	16	6	12	12	6	12	10	10	12	14	11	11	12	9	8	7	17	16	15	8	6	13	8	5	9	8	4	8	6	7	5	5	7	11	8	7	7	6	6	6	5	1	5	8	7	13	10	9	20	9	8	5	7	9	6	8	14	23	16	7	13	7	18	19	3	8	8	4	5	8	5	7	6	8	19	4	9	4	5	5
ENSG00000105372	12	10	4	8	7	19	2	13	13	13	7	14	7	4	9	3	24	2	8	7	12	12	9	9	15	7	14	10	12	17	9	10	8	8	12	13	20	7	10	14	9	7	4	7	6	7	7	5	4	6	8	18	7	6	9	5	3	5	1	2	6	3	5	10	5	5	17	2	5	4	4	12	10	3	6	23	14	2	17	3	17	9	6	12	14	5	5	1	1	1	1	7	11	3	3	3	7	6
ENSG00000105392	7	1	0	0	5	3	3	9	5	5	1	2	0	0	0	2	7	0	0	0	0	0	0	0	0	0	0	0	0	0	0	0	0	0	0	3	3	0	3	3	0	0	0	0	0	0	0	0	0	0	0	0	0	0	0	0	0	0	0	1	0	0	0	0	0	0	0	0	0	0	0	0	0	0	0	2	0	0	0	0	0	0	0	0	0	0	0	0	0	0	0	0	0	0	0	0	0	0
ENSG00000105618	8	9	6	2	2	9	1	4	4	7	6	8	7	5	6	4	12	3	6	7	5	6	7	8	4	8	4	9	5	6	8	5	6	5	6	20	21	6	5	12	4	5	5	6	6	10	5	5	5	8	6	5	6	5	7	5	5	5	3	4	6	4	5	5	7	5	11	4	3	3	8	8	7	7	6	22	6	6	7	4	9	7	4	6	6	5	4	5	3	5	5	6	8	7	7	7	5	5
ENSG00000105974	3	9	1	21	1	8	0	0	7	6	5	7	31	1	1	1	7	13	0	1	3	2	1	0	1	1	1	0	0	2	1	2	2	11	1	38	31	19	6	13	0	6	19	4	11	9	8	8	7	8	5	8	26	16	22	2	5	12	3	14	15	7	10	4	7	24	29	13	5	6	16	8	9	25	31	26	12	7	19	19	7	5	13	1	2	2	0	14	18	10	10	2	1	14	28	16	16	16
ENSG00000106571	19	7	11	6	20	19	11	17	13	10	10	11	5	9	11	14	11	6	0	0	0	0	0	0	0	0	1	0	0	0	0	0	0	7	0	7	10	10	3	11	0	12	4	3	2	6	4	5	2	5	6	5	19	6	6	3	3	4	5	6	8	7	9	11	3	2	4	12	4	2	3	3	4	15	4	3	5	6	5	9	11	1	0	3	0	2	0	8	2	3	4	0	0	3	16	6	4	8
ENSG00000106633	2	2	5	8	0	3	3	5	5	4	2	1	3	1	1	2	1	2	2	1	0	2	1	3	1	2	1	2	2	1	1	1	1	2	1	11	11	1	8	11	1	1	2	7	4	7	6	6	5	3	4	1	2	0	2	7	4	7	13	9	10	5	3	2	2	4	1	3	4	2	1	1	1	1	8	18	1	1	1	1	1	2	2	4	2	2	3	2	3	4	1	2	2	4	2	1	2	2
ENSG00000106683	7	10	5	11	7	11	5	11	7	8	6	6	10	1	5	5	13	6	2	2	1	3	4	5	3	4	4	3	4	7	6	5	4	6	4	16	25	8	12	18	5	5	16	3	7	8	8	7	8	10	4	5	8	5	11	8	2	5	2	7	7	9	8	7	6	3	11	11	3	3	10	7	4	8	1	21	11	7	13	7	4	6	4	10	6	8	2	7	7	7	4	6	2	8	15	8	9	10
ENSG00000106991	3	4	17	11	3	5	17	12	15	4	5	1	11	1	1	3	8	7	8	9	6	8	4	5	3	4	3	6	4	6	4	5	10	8	13	32	26	2	13	15	7	14	25	16	12	27	19	26	14	35	24	22	18	13	19	17	9	11	2	8	14	7	13	6	16	20	33	47	15	4	43	14	15	12	20	54	32	16	27	15	13	30	2	1	4	11	4	3	5	7	13	4	6	6	11	1	7	15
ENSG00000107262	2	2	3	2	2	2	2	7	4	2	1	1	5	1	4	3	5	3	2	4	3	3	2	5	2	12	4	4	6	3	3	2	4	4	11	14	16	14	4	12	3	2	4	1	4	4	2	1	5	2	3	6	4	2	4	4	5	5	2	3	3	7	2	3	4	4	3	4	2	1	7	7	5	2	4	6	9	5	8	1	4	2	3	3	8	13	2	3	4	5	2	8	12	4	5	4	2	4
ENSG00000107485	1	25	13	0	0	0	0	2	21	10	1	6	2	0	0	0	3	0	0	0	8	1	5	2	7	9	14	6	17	14	6	5	4	0	5	1	7	11	2	3	5	8	0	4	0	0	0	0	0	1	0	13	1	0	6	20	0	0	0	0	0	11	1	3	2	9	14	0	0	14	3	8	6	0	10	11	11	1	8	0	11	8	3	17	4	0	0	14	0	0	11	0	0	9	0	10	0	0
ENSG00000107779	13	23	4	4	5	27	12	6	7	15	5	9	7	6	6	5	11	3	0	0	0	6	2	3	2	2	3	0	0	3	0	2	7	5	2	13	9	4	5	8	2	5	15	4	5	8	6	6	5	5	6	9	21	7	7	6	14	11	5	5	12	2	17	4	3	10	5	13	4	3	9	11	5	21	8	20	16	9	11	14	4	3	4	3	6	2	4	3	4	4	0	9	0	4	5	2	5	4
ENSG00000107831	6	11	2	3	8	5	6	3	5	8	3	5	3	2	3	3	8	2	1	3	3	2	1	4	2	5	2	4	4	4	1	1	1	4	2	14	14	2	4	8	1	2	1	1	3	1	3	3	1	5	1	0	3	2	3	1	1	1	1	3	3	2	3	3	1	1	5	0	1	2	2	1	1	2	0	12	3	2	3	2	5	1	1	3	4	3	1	1	2	1	3	3	4	1	3	1	1	3
ENSG00000107859	1	1	2	4	1	2	2	1	7	1	1	0	6	1	1	0	5	7	3	1	2	3	2	4	3	2	3	2	3	2	2	2	3	10	6	16	21	5	2	10	1	8	3	3	5	4	3	5	4	8	5	4	5	3	2	2	2	3	2	10	18	2	4	4	2	8	8	7	1	1	21	5	7	3	6	20	6	9	4	2	2	3	3	3	3	3	2	4	11	7	1	5	4	4	5	6	3	12
ENSG00000108557	14	7	10	12	8	2	26	11	9	7	3	6	19	3	3	4	15	4	6	6	12	6	5	9	6	9	7	7	7	9	11	6	6	10	10	30	41	15	29	32	4	9	7	12	25	26	25	18	24	27	27	16	21	12	18	18	20	20	28	12	15	6	16	19	13	20	21	24	16	18	11	23	14	17	17	44	20	10	17	14	22	19	9	10	9	12	6	16	5	11	6	6	5	7	5	14	6	7
ENSG00000108753	0	8	2	28	0	0	3	3	2	5	0	0	0	0	0	0	0	1	0	0	0	0	1	0	0	0	0	0	0	0	0	0	0	0	0	2	5	1	1	2	0	0	0	2	0	0	0	0	0	0	0	6	0	8	0	1	6	6	6	0	0	0	4	0	5	0	8	1	7	0	0	4	8	0	0	2	6	0	5	0	0	0	6	0	3	0	6	0	0	0	0	0	2	3	0	0	0	1
ENSG00000108821	10	5	23	20	3	4	8	8	22	10	3	6	14	0	3	1	14	9	3	0	0	7	1	2	1	1	1	0	0	1	0	0	5	3	4	21	22	7	9	8	0	14	43	12	7	9	5	14	2	7	1	31	37	19	31	34	26	35	2	25	14	19	11	17	14	22	24	43	3	27	9	19	22	30	15	44	27	18	33	13	7	19	4	0	2	2	0	4	29	23	1	6	3	9	29	8	27	5
ENSG00000108883	2	5	2	9	3	6	4	4	7	8	3	4	11	1	1	1	4	5	5	1	3	7	2	5	4	4	2	4	4	2	2	3	4	6	6	21	17	3	11	14	1	3	4	2	7	11	10	9	16	15	15	2	9	4	2	8	2	4	1	5	5	1	7	4	2	5	5	3	3	2	2	5	3	5	3	11	2	1	5	5	4	8	7	1	2	4	3	7	3	7	3	3	6	5	2	6	2	7
ENSG00000108946	5	4	3	5	2	6	1	5	8	4	7	4	2	2	2	2	3	6	7	4	4	3	1	4	3	12	6	1	5	3	5	1	1	5	7	10	11	7	2	14	2	11	4	14	7	9	4	6	7	7	8	9	4	6	3	7	5	3	8	4	4	6	4	9	5	15	18	14	4	2	12	8	4	3	17	15	9	12	8	2	6	7	1	2	4	1	6	3	2	4	3	1	17	2	6	2	3	10
ENSG00000108953	8	8	5	5	3	9	10	14	1	10	4	4	5	2	3	4	8	3	7	6	7	3	3	13	7	11	7	11	12	10	4	1	3	13	11	17	18	6	5	12	5	12	5	6	6	8	5	8	9	8	6	10	8	5	5	6	9	5	13	5	5	3	3	4	3	15	14	13	4	2	34	7	10	12	23	30	12	15	13	8	7	10	2	3	4	4	3	3	5	3	1	5	9	7	8	5	8	12
ENSG00000109062	24	8	15	17	10	10	17	21	16	11	4	5	10	6	11	5	24	3	13	9	28	22	14	24	23	12	21	29	28	30	26	18	18	3	23	19	23	11	9	29	23	15	9	21	21	27	20	18	19	29	19	22	12	15	21	12	14	15	24	5	9	15	13	15	21	14	26	6	21	11	10	30	16	6	6	35	34	9	26	2	21	18	11	22	9	9	21	6	13	7	5	8	16	6	3	6	6	9
ENSG00000109099	0	3	9	9	0	1	1	4	6	0	0	0	14	0	1	0	1	7	0	0	0	3	0	0	0	0	0	0	0	0	0	0	2	9	1	15	13	1	4	15	0	15	9	5	22	19	20	13	18	15	17	12	15	10	13	11	8	3	1	8	17	4	3	4	9	19	21	13	4	2	23	10	7	16	14	34	26	19	18	10	4	5	5	1	0	2	0	9	7	8	4	4	2	9	12	1	6	10
ENSG00000109132	0	0	1	1	0	0	0	1	0	1	0	0	0	0	0	0	1	0	0	0	0	0	0	0	0	0	0	0	0	0	0	0	0	0	0	1	0	0	0	0	0	0	0	0	0	0	0	0	0	0	0	0	0	0	0	8	11	10	0	0	0	0	8	0	0	0	0	1	0	1	0	0	0	0	0	0	1	0	0	0	0	0	0	0	0	2	0	0	0	0	0	0	0	0	0	0	0	0
ENSG00000109339	19	14	5	7	12	10	12	13	9	9	9	14	5	7	14	6	6	4	1	1	0	1	1	0	0	0	1	0	0	0	1	0	0	2	2	4	5	7	1	1	1	3	3	2	8	9	8	4	7	8	2	3	2	4	1	4	5	3	3	3	2	4	3	2	0	1	2	8	3	2	0	1	1	2	2	3	3	1	5	7	1	2	3	4	1	0	0	1	1	2	0	0	1	3	2	1	3	4
ENSG00000109670	3	5	3	3	2	3	6	1	3	4	4	3	5	2	2	2	5	6	3	6	12	7	4	9	6	7	8	3	16	6	5	2	4	10	2	11	10	12	2	8	5	9	2	5	6	3	2	3	4	3	3	7	2	7	7	3	6	3	5	3	4	3	4	3	4	14	5	5	2	4	6	3	4	3	4	8	12	8	12	2	6	6	2	6	14	1	5	8	5	10	2	3	13	4	4	7	5	4
ENSG00000110713	6	4	4	4	5	6	7	5	7	4	5	6	12	3	3	2	8	6	12	8	10	6	4	6	6	11	8	9	12	7	7	5	4	9	12	21	18	9	5	17	9	8	4	8	6	8	6	4	9	4	7	4	8	6	9	5	7	8	7	4	4	4	4	9	5	9	21	4	7	3	14	7	7	3	9	11	9	2	11	2	7	8	3	13	9	3	5	8	7	5	4	6	8	5	5	7	4	13
ENSG00000111046	7	0	1	1	0	1	0	0	0	3	2	1	0	0	5	1	2	2	0	0	0	0	0	0	0	0	0	0	0	0	0	0	0	3	0	3	7	2	0	0	0	1	0	10	0	1	0	0	0	0	0	1	0	0	0	0	0	0	0	12	9	0	0	0	0	1	0	0	0	1	19	0	0	0	0	2	0	7	0	0	1	0	0	0	2	1	0	0	11	17	1	0	0	1	1	0	0	2
ENSG00000111276	13	2	5	16	7	11	2	0	10	7	7	3	20	5	5	4	12	6	5	6	13	6	7	15	7	13	12	12	11	15	6	6	3	5	9	23	25	8	14	19	12	6	11	8	10	16	15	10	11	12	14	18	14	5	13	9	6	7	12	9	10	12	10	7	11	10	11	14	7	5	9	11	8	9	8	13	18	7	17	7	20	14	2	10	5	5	4	4	7	11	4	10	12	5	16	5	12	10
ENSG00000112246	0	0	0	1	0	3	0	1	0	1	0	0	0	0	0	0	3	3	0	1	0	0	0	0	0	0	0	0	0	0	0	0	1	5	0	19	15	0	0	0	0	4	0	7	0	0	0	0	0	0	0	6	0	0	0	0	0	0	13	5	7	0	0	1	0	0	0	0	14	1	9	0	0	0	0	0	0	1	0	1	0	0	2	9	2	0	0	0	2	3	0	0	0	0	4	0	0	0
ENSG00000112319	0	0	0	0	0	1	0	2	0	0	0	0	13	0	1	2	0	5	0	0	0	0	0	0	0	0	0	0	0	0	0	0	0	6	0	2	4	0	0	1	0	6	0	1	1	4	0	2	0	2	4	0	1	0	0	4	0	0	0	6	4	0	0	5	1	3	4	1	0	0	10	0	0	0	3	5	0	5	0	1	4	2	8	0	0	6	0	0	5	4	0	0	0	4	0	0	5	2
ENSG00000112902	2	7	9	10	3	2	2	1	5	5	3	2	10	0	3	1	2	6	0	0	0	0	0	0	0	0	0	1	0	3	0	0	0	4	0	12	10	8	9	14	0	5	15	6	7	7	7	4	6	8	6	14	5	5	11	11	6	9	4	7	7	2	6	3	5	16	10	9	2	7	3	11	11	3	19	17	12	7	12	2	4	10	0	0	1	0	0	6	0	4	0	0	0	11	5	1	6	7
ENSG00000113522	3	1	1	2	2	8	1	1	0	1	1	1	1	2	2	0	2	1	1	1	1	2	1	1	1	3	2	1	1	2	1	2	3	1	2	5	7	7	1	7	1	1	2	2	1	2	2	1	1	1	1	1	1	1	1	3	1	2	2	1	1	1	1	1	1	1	1	4	1	1	1	1	1	1	1	2	1	1	2	1	1	1	1	2	2	1	1	1	1	1	1	1	1	2	2	1	2	2
ENSG00000113658	2	5	3	5	3	0	2	1	0	3	2	2	2	2	1	1	3	2	1	3	2	2	1	2	1	1	1	1	0	1	2	1	1	4	2	7	6	13	1	5	1	2	4	8	2	3	1	1	2	3	1	4	1	2	7	4	4	4	2	2	2	2	4	4	2	2	4	3	4	1	2	3	2	2	4	4	4	3	2	2	3	1	2	0	3	1	4	5	2	2	1	2	2	1	2	9	2	3
ENSG00000114062	6	3	2	5	2	8	2	8	2	4	5	2	5	3	4	3	3	2	3	2	3	4	1	1	1	9	3	3	1	2	2	1	2	6	4	4	4	8	3	8	2	2	4	3	3	6	3	2	4	3	2	4	2	6	2	4	2	4	3	3	3	3	2	4	4	5	3	3	2	2	6	3	2	3	2	4	2	5	4	2	2	1	1	7	3	1	3	3	3	3	1	5	18	2	3	3	2	6
ENSG00000114861	14	10	5	26	5	13	14	15	12	14	4	8	19	6	9	5	8	8	11	11	13	6	7	26	5	26	10	16	32	11	6	10	3	11	15	12	6	5	3	6	10	6	38	9	8	15	6	5	9	13	6	15	27	24	20	9	10	12	10	6	10	3	19	16	22	16	17	22	12	8	7	13	12	23	15	25	23	7	24	18	13	6	6	8	2	7	9	8	5	4	7	9	23	15	2	4	5	14
ENSG00000115694	4	2	3	0	1	8	15	7	6	6	4	4	2	0	4	4	10	2	1	1	1	2	3	2	3	1	2	1	2	1	2	1	2	6	2	22	18	2	12	14	3	3	1	1	7	15	7	8	11	11	15	12	2	1	3	3	5	4	3	7	4	1	6	5	4	4	7	5	5	3	8	11	8	2	3	15	11	5	13	3	2	6	1	2	5	2	8	2	7	8	4	6	1	3	2	4	3	4
ENSG00000115738	9	6	7	6	8	6	5	4	5	8	5	2	10	2	5	4	7	6	5	0	5	4	5	5	6	3	4	6	7	5	10	5	4	7	8	12	13	6	7	10	5	7	11	3	10	7	7	5	10	10	6	7	6	6	7	6	4	4	4	5	9	8	7	11	10	7	8	17	14	9	9	4	5	6	13	16	9	5	9	5	10	4	5	8	7	3	8	4	7	6	3	10	6	7	8	2	6	5
ENSG00000116030	9	7	2	3	2	9	5	5	5	3	7	6	5	4	5	4	6	3	2	2	2	5	1	4	2	7	1	2	6	3	1	2	3	1	4	9	5	10	3	4	2	4	4	1	2	2	2	1	3	2	1	1	2	1	2	4	1	1	3	1	1	2	1	1	1	3	3	4	5	1	9	1	1	1	3	6	3	3	2	2	1	4	1	2	1	2	2	3	1	2	4	5	2	2	3	3	2	4
ENSG00000116062	8	3	4	5	5	11	5	9	5	4	6	3	4	2	4	2	5	3	7	3	5	2	2	3	1	3	1	3	1	2	3	3	2	5	7	11	8	4	5	5	3	4	4	2	2	5	6	10	6	6	12	3	3	2	2	7	5	3	3	3	2	4	6	6	2	2	5	17	3	2	3	3	3	2	5	6	5	1	7	5	4	2	1	3	2	3	2	5	4	3	2	2	10	4	2	3	3	4
ENSG00000116096	1	3	1	1	2	1	0	2	1	1	0	0	1	0	1	1	1	1	0	0	0	1	0	0	0	0	1	0	0	0	0	0	1	1	0	3	7	1	2	4	0	1	3	1	1	2	2	1	2	1	1	4	2	1	1	1	2	1	2	1	1	2	3	0	2	1	2	4	2	2	1	3	2	1	1	5	5	1	2	2	0	1	1	0	2	2	1	1	1	1	1	4	1	0	1	1	1	1
ENSG00000116254	4	10	3	4	1	8	6	7	1	10	4	9	4	2	6	2	11	2	2	2	2	1	2	2	1	2	2	2	2	2	2	2	3	2	4	5	10	3	9	9	2	1	1	2	13	3	15	15	11	23	3	3	3	2	2	4	2	2	1	2	2	2	4	2	3	2	4	5	2	2	2	2	2	2	2	7	3	2	1	4	2	2	4	4	1	4	1	1	3	3	2	2	2	2	2	1	2	2
ENSG00000116833	19	4	0	0	0	13	4	2	2	9	5	4	2	3	6	2	15	0	0	0	0	0	0	0	0	0	0	0	0	1	0	0	0	0	0	2	13	0	0	3	0	6	0	19	0	0	0	1	0	0	0	15	2	6	2	8	14	19	9	6	4	1	7	1	1	5	7	2	22	0	3	9	11	0	3	7	17	4	11	3	1	0	10	0	0	1	0	0	0	0	2	0	0	0	0	0	0	0
ENSG00000117013	15	1	1	0	3	7	11	12	3	5	0	2	1	1	7	4	10	0	0	2	7	6	2	14	2	10	3	4	3	1	2	3	6	0	5	7	15	4	8	5	0	2	19	4	5	13	10	11	6	16	8	13	18	8	13	2	3	1	0	10	14	7	13	7	2	8	13	5	8	2	18	12	5	17	4	25	12	10	20	14	14	5	0	3	6	2	1	0	2	8	0	5	8	0	0	1	0	0
ENSG00000117118	2	4	2	5	2	10	9	6	4	6	3	2	3	1	1	2	4	5	6	3	2	3	2	3	2	1	4	2	3	4	2	2	3	7	5	6	9	4	4	10	2	7	2	11	11	16	15	11	13	17	14	4	8	2	4	5	5	2	1	6	6	8	9	1	2	3	6	4	1	0	7	4	2	3	2	6	6	8	5	4	3	14	3	1	1	1	1	2	1	5	1	2	12	5	3	5	3	8
ENSG00000117394	16	31	30	23	12	19	21	25	19	15	17	14	29	8	15	12	27	12	3	12	12	18	7	14	13	10	12	13	16	13	14	8	19	10	19	29	17	26	13	15	9	6	18	2	17	24	17	15	18	25	23	20	13	9	22	17	15	14	3	4	6	16	14	18	5	10	17	3	12	19	1	13	14	8	7	27	19	6	15	10	21	13	11	10	16	14	23	18	15	12	5	26	6	20	9	14	10	14
ENSG00000117595	3	2	7	3	0	2	0	1	2	2	1	1	2	1	2	1	4	7	1	1	1	2	2	2	0	3	1	0	1	1	1	1	1	5	1	4	4	19	3	5	0	2	5	7	3	5	1	1	3	2	1	17	5	9	22	5	11	18	5	2	5	5	12	9	12	7	8	0	7	5	0	15	15	4	11	6	10	3	15	3	12	2	1	0	0	0	0	17	1	4	7	1	1	4	1	20	1	4
ENSG00000117707	3	2	2	1	4	3	7	8	6	5	0	2	1	0	2	1	4	1	0	0	0	0	2	0	1	0	0	0	1	0	0	0	0	1	0	5	4	2	2	5	0	1	2	18	27	26	27	20	22	19	29	2	6	2	2	16	3	4	18	8	8	1	4	0	4	18	6	9	13	2	9	6	4	3	14	22	6	3	9	4	0	2	0	3	0	0	15	0	2	3	7	0	0	1	0	2	0	1
ENSG00000118046	10	12	6	13	5	3	1	16	11	11	11	11	21	1	5	1	22	5	4	3	10	10	5	12	6	8	10	7	7	11	9	5	8	6	15	25	31	13	19	21	8	10	10	11	14	19	12	13	13	21	15	19	14	8	19	13	7	12	9	7	8	10	14	12	12	9	17	14	10	5	17	16	12	11	13	33	18	9	20	10	14	15	8	7	7	5	7	11	10	3	6	8	9	4	9	11	11	17
ENSG00000118402	11	2	2	0	3	8	0	3	0	2	0	4	2	1	1	1	1	0	0	0	3	4	2	1	5	2	4	0	0	4	0	1	1	0	0	4	2	3	0	2	1	1	0	0	2	2	1	2	2	2	1	0	1	0	2	0	2	1	0	0	0	0	5	8	0	0	0	0	0	0	0	0	0	0	0	0	0	0	0	0	13	0	0	23	0	0	0	1	0	0	1	0	0	1	0	0	1	1
ENSG00000118762	5	3	6	11	3	7	5	6	6	1	2	2	11	1	5	2	8	8	2	0	0	2	2	1	1	1	1	0	2	0	0	1	1	10	12	15	10	14	12	21	1	7	27	8	8	8	9	7	6	7	6	7	13	11	8	8	10	6	9	4	6	2	5	0	5	5	8	15	3	1	6	5	5	18	7	6	6	8	12	12	2	3	4	2	5	2	2	7	11	11	3	0	12	10	11	7	8	13
ENSG00000119042	11	6	2	1	2	4	2	3	4	3	3	4	7	1	1	3	6	9	1	0	0	8	1	1	0	0	0	0	0	1	0	1	8	13	4	11	14	3	3	3	0	3	3	3	24	6	15	4	20	14	2	19	5	1	2	1	11	11	0	0	2	1	1	0	2	2	3	3	4	1	4	11	14	1	2	3	24	1	1	1	0	2	3	0	0	2	3	2	3	4	0	6	2	9	7	1	7	17
ENSG00000120071	18	11	2	10	3	16	7	11	14	14	12	13	9	10	8	3	15	6	4	3	10	13	5	22	13	20	16	8	27	9	8	5	6	8	24	15	15	19	3	10	5	8	10	6	12	13	9	11	5	11	5	7	11	14	15	11	7	7	9	3	2	4	5	8	4	6	10	5	8	1	15	10	11	9	10	6	10	4	10	7	11	9	3	8	12	2	6	3	5	5	3	6	29	5	4	7	3	12
ENSG00000120149	1	15	16	0	1	3	5	5	0	10	4	4	4	0	0	1	3	1	0	0	0	0	0	0	0	0	0	0	0	0	0	0	0	0	0	2	0	1	2	2	0	1	1	0	0	0	0	4	0	1	0	1	0	0	0	1	0	0	0	0	0	9	1	0	1	1	1	0	0	4	1	1	1	1	1	5	0	1	0	0	0	1	1	0	1	1	0	1	4	2	0	0	0	3	0	0	0	0
ENSG00000120738	6	3	3	3	7	5	3	3	0	4	2	2	6	3	4	2	14	2	1	2	6	3	3	6	3	7	4	3	3	6	2	2	3	4	3	18	21	4	8	12	4	5	7	8	12	12	11	8	12	12	9	7	6	5	10	4	4	7	9	1	1	2	2	3	2	3	7	6	6	6	9	8	2	3	5	20	6	5	7	12	7	5	1	3	1	2	4	4	2	6	2	7	3	5	3	5	4	5
ENSG00000121022	3	3	5	6	2	9	3	6	5	5	5	3	14	3	2	1	4	4	2	3	5	2	2	4	3	1	3	3	3	4	2	2	2	3	8	14	11	5	2	8	2	2	5	2	5	4	4	3	3	3	4	4	4	4	3	3	2	2	3	2	3	5	3	3	5	6	7	4	8	2	17	4	2	3	9	8	4	9	6	2	3	4	2	4	3	2	3	4	4	3	2	2	2	8	2	3	4	7
ENSG00000121454	12	0	0	0	1	6	1	3	0	5	0	6	1	1	6	5	13	0	0	0	0	0	0	0	0	0	0	0	0	0	0	0	0	0	0	8	7	3	3	5	0	0	0	0	0	0	0	1	0	0	0	0	0	0	0	0	0	0	0	0	0	0	0	0	0	0	3	1	0	0	0	0	0	0	0	2	0	0	0	0	0	2	2	1	1	2	0	0	0	5	0	2	0	0	0	0	1	0
ENSG00000121774	2	2	5	9	4	12	8	8	15	3	2	3	6	2	3	4	3	7	3	2	5	6	4	5	2	13	3	6	7	5	6	2	4	8	9	12	10	5	2	10	2	5	7	2	3	4	5	2	5	2	3	5	8	3	7	4	3	3	3	2	4	3	2	5	5	2	5	3	6	2	6	4	3	2	3	7	7	1	5	3	5	5	3	6	8	1	2	2	4	3	4	9	21	6	4	3	2	9
ENSG00000122304	5	2	6	3	0	5	4	8	4	4	1	2	6	1	4	1	8	1	2	1	3	3	4	4	4	5	5	4	4	3	2	4	2	1	1	6	11	2	5	2	1	3	3	3	2	4	2	2	2	3	3	8	2	2	2	4	1	1	1	3	2	4	7	7	6	3	7	4	2	3	2	8	5	1	5	7	8	1	2	1	10	3	1	5	3	1	17	1	1	3	1	2	1	1	1	1	1	1
ENSG00000122512	5	5	14	8	3	6	3	9	6	4	2	5	13	3	2	2	4	5	3	3	4	9	2	10	2	9	6	4	7	5	3	4	7	7	13	13	19	3	2	16	4	6	2	6	8	11	9	8	9	13	7	10	12	7	14	1	4	3	4	4	4	8	5	13	12	11	15	5	7	2	23	9	9	11	6	14	11	8	16	5	13	3	5	8	3	7	4	5	4	4	2	12	12	5	4	6	7	10
ENSG00000122691	2	4	1	9	0	0	0	1	10	2	1	0	5	0	0	1	1	5	0	0	0	0	0	0	0	0	0	0	0	0	0	0	0	6	0	13	16	0	2	1	0	5	8	0	0	0	0	2	0	3	0	0	3	0	10	4	2	1	0	4	8	14	5	0	1	4	0	5	0	2	0	1	1	0	1	9	0	0	0	1	0	0	1	0	1	0	0	0	4	2	0	0	0	6	13	0	4	5
ENSG00000123066	6	7	4	5	2	4	2	0	3	8	5	10	3	1	3	1	3	11	11	2	2	6	2	5	1	4	2	3	3	3	2	1	4	14	13	11	11	11	4	5	5	5	9	3	5	5	5	2	3	4	4	8	7	4	3	4	10	7	2	2	4	8	7	14	3	2	7	4	3	3	5	5	6	8	5	4	6	6	7	6	3	10	9	9	1	2	1	6	4	3	3	5	18	7	6	11	3	7
ENSG00000123080	3	3	4	5	3	3	2	6	3	4	1	3	11	2	1	0	5	9	6	6	10	8	3	7	5	4	5	3	6	8	9	3	7	10	9	8	10	8	11	15	8	6	14	5	13	15	11	6	10	8	11	8	21	8	9	5	8	8	14	6	5	7	3	5	5	4	8	16	9	2	14	7	4	15	11	8	7	5	10	11	9	5	7	13	13	13	7	8	9	7	6	9	7	4	14	5	7	11
ENSG00000123500	7	3	0	2	3	2	0	6	2	7	4	5	3	5	4	5	3	4	0	0	0	0	1	0	0	0	1	0	2	1	1	1	0	13	2	7	3	3	0	8	0	0	0	2	4	6	4	3	6	4	5	0	0	1	0	3	3	1	1	0	0	0	0	0	0	1	2	0	1	0	1	0	0	1	0	1	0	0	0	2	0	1	0	0	2	0	1	2	4	4	0	0	0	5	2	1	0	9
ENSG00000124089	0	0	0	0	0	0	0	0	0	0	0	0	0	0	0	1	0	0	0	0	0	0	0	0	0	0	0	0	0	0	0	0	0	0	0	1	1	0	1	2	0	0	0	0	0	0	0	0	0	1	0	0	0	0	0	0	0	0	0	0	0	0	0	0	0	0	1	0	1	0	0	0	0	0	0	2	0	0	0	0	0	0	0	0	0	0	0	1	2	1	0	0	0	0	0	0	0	0
ENSG00000124205	0	0	0	0	0	0	0	0	1	0	0	0	0	0	0	1	0	0	0	0	0	0	0	0	0	0	0	0	0	0	0	0	0	0	0	0	1	0	2	0	0	0	0	0	1	0	0	0	0	1	0	7	0	2	6	0	5	8	3	5	4	2	5	0	0	0	0	0	4	1	1	6	7	0	0	0	12	0	5	0	0	0	0	0	0	0	0	0	0	0	0	0	0	0	0	0	0	0
ENSG00000124802	3	5	7	10	1	3	0	1	0	4	5	3	12	2	2	2	4	5	5	2	2	2	1	2	2	4	2	1	3	3	2	1	3	3	3	14	10	7	2	6	1	1	16	4	2	2	2	2	1	2	4	1	1	2	4	5	2	2	1	1	2	1	2	4	6	5	3	1	3	1	1	1	2	0	3	3	2	2	3	1	1	3	5	2	1	5	5	8	5	3	3	9	8	4	7	7	6	5
ENSG00000124813	2	4	3	16	0	3	0	2	0	2	2	2	11	1	2	1	2	10	4	5	22	7	5	5	15	11	14	5	16	13	12	5	7	9	13	16	11	4	2	4	8	5	0	4	5	6	4	4	5	6	6	16	5	9	6	3	6	2	0	0	0	3	1	12	3	2	5	2	2	3	1	14	14	4	0	7	8	5	10	1	3	2	2	16	0	4	0	7	5	9	1	5	11	4	7	7	9	16
ENSG00000125378	4	11	9	10	0	3	1	2	0	6	6	5	13	1	1	2	5	0	0	0	0	0	1	0	1	0	0	0	0	0	0	0	0	1	0	10	6	3	2	6	0	2	5	2	3	3	1	6	2	5	2	6	4	4	5	3	10	8	0	5	5	5	6	0	7	4	8	9	2	0	9	6	6	6	6	12	12	2	8	4	2	7	4	0	2	0	5	1	2	2	7	0	0	7	1	3	5	0
ENSG00000125398	7	0	5	8	8	2	6	5	9	2	1	1	9	0	3	5	5	5	0	0	0	0	0	0	0	0	0	0	0	0	0	0	0	8	0	8	7	8	3	3	0	5	0	5	8	14	15	10	12	12	11	10	3	8	3	0	4	6	4	10	8	0	7	0	8	12	5	1	13	4	3	7	9	2	15	13	11	3	11	0	1	0	6	0	3	0	6	12	8	4	0	0	0	5	0	6	4	9
ENSG00000125618	0	0	0	17	1	1	3	0	0	0	0	0	4	0	0	1	0	2	2	0	0	0	0	0	0	0	0	0	0	0	0	0	0	2	0	6	5	6	1	2	0	1	4	5	1	3	1	3	1	1	3	12	3	3	3	0	4	4	5	1	2	1	4	0	10	4	10	3	9	10	3	4	4	3	0	8	5	1	4	4	0	2	1	0	0	2	2	3	2	5	0	0	2	1	4	2	2	4
ENSG00000125813	0	0	0	0	1	2	0	1	0	0	0	0	0	0	0	1	1	0	0	0	0	0	0	0	0	0	0	0	0	0	0	0	0	0	0	1	0	0	1	0	0	0	0	0	0	0	0	0	0	0	0	0	0	0	0	0	0	0	0	0	0	2	0	27	0	0	1	0	1	0	0	0	0	0	0	2	0	0	0	0	41	0	0	0	0	0	0	0	0	1	0	0	0	0	0	0	0	0
ENSG00000125965	8	4	6	14	3	9	4	3	8	3	2	5	9	2	6	3	7	4	1	2	3	5	1	5	1	6	1	4	3	1	1	4	2	3	3	23	22	4	5	6	2	6	5	1	4	7	3	2	5	6	2	4	8	3	4	1	6	5	1	5	4	4	6	5	2	1	6	8	2	4	4	1	2	5	1	3	4	5	5	2	2	1	4	3	1	6	8	2	1	1	3	7	4	7	8	3	8	6
ENSG00000126561	10	1	4	2	4	7	5	6	7	9	3	4	14	2	3	1	14	7	5	8	12	10	10	18	6	19	11	14	12	12	12	5	12	6	20	20	30	7	16	16	10	22	13	8	10	11	11	10	8	10	8	12	15	8	10	18	8	7	5	6	5	13	12	14	6	14	31	18	4	2	15	7	8	10	18	24	16	15	20	17	23	12	6	4	12	6	8	3	5	5	8	27	14	4	8	7	6	10
ENSG00000126581	3	3	3	7	0	4	3	3	4	3	3	2	6	3	2	2	3	6	3	2	3	4	4	7	3	11	4	3	6	4	2	2	2	10	4	17	22	2	10	21	4	9	5	4	8	9	7	8	7	7	4	10	10	7	6	5	4	4	8	3	5	2	7	2	5	4	12	6	8	2	8	4	3	7	4	5	10	4	12	15	4	12	2	3	3	2	5	2	2	2	4	5	9	7	3	3	5	6
ENSG00000127152	13	14	8	0	0	3	2	3	0	5	3	6	0	1	11	5	18	0	0	0	8	4	5	2	7	6	5	8	1	5	20	5	16	0	0	5	4	12	2	6	15	0	0	5	9	21	13	16	8	20	1	19	0	9	23	8	4	4	0	4	7	0	6	12	0	0	12	0	1	3	0	22	15	0	0	4	28	1	27	0	23	19	1	7	2	0	0	7	0	0	0	0	0	0	0	5	0	0
ENSG00000127922	4	1	1	1	1	1	1	2	2	2	4	2	2	2	1	4	2	2	1	1	1	1	1	1	1	6	2	1	3	2	1	1	1	3	2	3	5	10	1	6	1	2	1	2	2	3	1	1	2	2	2	1	1	1	5	1	1	1	7	1	1	2	2	1	1	2	1	2	1	2	5	1	1	2	1	2	1	1	1	1	1	1	1	3	1	1	5	5	1	1	1	2	2	1	2	6	1	2
ENSG00000127990	8	4	3	5	4	5	2	5	5	8	3	5	2	1	5	1	3	1	1	4	2	1	0	0	1	0	1	0	1	0	1	1	1	1	0	8	5	8	1	7	0	2	5	3	3	5	3	2	4	4	6	3	6	1	3	19	6	4	6	9	8	7	5	8	1	4	4	9	2	3	2	4	2	6	2	7	7	2	1	5	9	6	2	0	3	2	9	7	4	2	2	0	0	2	4	2	4	2
ENSG00000128573	2	4	0	4	2	4	3	5	4	2	6	3	3	1	4	1	1	0	0	0	0	1	0	0	0	0	0	0	0	0	0	0	0	2	0	7	8	15	0	5	0	2	6	2	6	4	2	3	5	4	4	5	15	11	11	5	4	6	19	5	6	3	4	0	3	5	8	9	5	1	8	4	6	14	7	5	6	8	9	5	0	3	0	2	0	1	2	0	0	0	0	0	0	2	3	4	3	0
ENSG00000128714	2	0	2	0	0	1	0	0	2	1	0	2	0	0	0	1	7	0	0	0	0	0	0	0	0	0	0	0	0	0	0	0	0	0	0	12	9	0	2	0	0	1	0	0	0	0	0	0	0	0	0	9	16	0	0	0	0	4	0	0	7	0	0	0	0	0	0	0	0	1	0	5	3	9	0	0	4	4	0	0	0	0	3	4	1	1	0	0	0	0	0	0	0	0	0	0	0	0
ENSG00000128917	9	2	0	0	2	5	1	2	3	2	0	1	12	1	2	1	12	3	5	3	3	4	3	2	3	3	1	5	2	3	4	1	2	0	1	21	26	4	11	10	2	12	2	17	3	9	9	10	3	10	9	20	2	3	8	12	17	18	5	14	17	11	18	13	3	14	38	6	5	6	17	13	9	3	14	39	19	12	25	4	13	19	2	2	4	1	1	0	3	4	5	2	6	3	4	0	3	4
ENSG00000128918	7	0	4	1	1	4	0	3	1	4	2	5	1	1	2	4	1	2	1	0	0	2	0	0	0	0	0	0	0	0	0	0	4	1	8	3	4	8	1	2	0	1	0	12	0	4	0	2	1	1	1	3	0	1	8	7	5	5	1	0	4	6	3	8	1	4	3	5	3	4	4	1	2	1	8	5	4	1	1	0	3	2	1	3	1	3	3	7	0	2	2	4	2	1	0	5	0	0
ENSG00000129757	10	3	7	3	8	0	14	4	7	8	4	6	12	2	4	1	11	0	4	1	9	6	6	10	6	8	5	6	10	9	5	5	6	1	6	15	22	7	17	19	8	10	9	8	12	17	17	16	12	20	12	12	16	5	12	15	12	11	5	10	20	19	17	8	14	13	21	13	10	5	9	10	9	9	14	29	13	9	13	10	16	9	3	4	4	7	1	6	1	2	4	10	4	4	5	7	6	3
ENSG00000130164	7	10	9	9	8	18	4	9	15	4	10	9	15	4	5	5	12	6	5	4	4	4	4	4	3	2	3	6	4	5	8	7	5	5	5	26	28	18	6	18	5	7	14	16	12	10	12	9	8	13	10	11	10	5	5	27	6	6	10	9	11	5	7	7	9	12	25	38	13	7	14	7	5	6	17	28	16	8	22	9	13	14	4	14	3	10	7	8	7	7	9	11	3	4	9	9	14	5
ENSG00000130635	6	8	14	10	3	2	9	10	20	6	4	5	20	0	3	2	5	10	0	0	2	0	0	0	1	0	4	1	2	3	0	0	0	17	0	26	27	5	4	2	0	5	13	4	2	2	2	4	1	8	1	12	14	9	12	6	8	8	1	3	14	12	10	4	7	7	18	25	4	26	7	13	7	11	11	28	15	4	19	10	1	9	4	0	0	9	0	0	8	7	5	0	0	16	12	3	6	18
ENSG00000130675	0	1	1	0	0	2	0	2	0	2	0	0	0	0	0	0	1	0	0	0	0	2	0	0	0	0	0	0	0	0	0	0	3	0	0	0	2	0	6	3	0	0	0	0	0	0	0	0	0	0	0	10	0	1	0	0	7	8	16	0	0	0	4	0	6	0	2	1	25	0	0	8	6	0	0	9	12	0	15	0	0	0	3	0	2	1	6	2	0	0	0	3	0	0	0	2	0	0
ENSG00000131979	2	2	2	0	0	3	1	1	0	2	1	2	6	0	0	2	5	4	2	6	5	2	1	5	4	11	7	5	11	7	4	1	1	3	9	3	4	4	0	3	2	1	1	5	1	8	2	1	1	2	2	4	1	4	3	7	1	1	13	4	6	3	2	4	1	4	5	0	3	1	3	1	2	2	3	4	6	2	4	1	4	1	1	5	8	1	3	5	0	1	2	2	11	0	0	10	1	5
ENSG00000132170	0	1	12	6	1	1	3	2	1	0	0	0	15	0	0	1	0	4	4	0	1	1	1	0	0	2	4	0	0	1	0	0	0	4	0	22	17	4	1	5	1	11	1	3	1	0	0	2	0	1	1	9	3	2	3	2	6	6	0	2	2	16	5	0	4	3	4	24	2	1	2	11	14	4	4	5	11	4	6	1	2	6	11	13	1	5	7	2	1	1	0	0	6	8	5	2	7	9
ENSG00000132464	0	0	0	3	0	2	1	2	4	1	0	0	1	0	0	0	1	0	0	0	0	0	2	0	0	1	0	0	0	0	0	0	0	0	2	0	1	1	0	1	0	2	2	2	0	1	0	0	0	0	0	2	0	1	0	1	1	2	2	2	2	1	2	1	2	1	0	1	1	0	2	3	2	1	1	1	4	2	4	1	1	1	1	2	0	0	0	0	1	1	2	0	0	2	0	0	0	0
ENSG00000132781	16	15	9	2	4	12	13	10	6	12	10	10	5	8	11	6	18	2	2	3	2	2	3	7	2	9	4	2	2	1	2	2	2	3	7	15	10	5	8	13	3	2	8	4	10	13	13	14	10	14	15	8	9	4	9	11	3	6	2	3	5	15	12	7	5	6	10	11	3	4	14	6	9	4	7	16	12	11	12	5	13	5	3	4	5	3	6	4	1	3	4	4	5	1	4	2	3	4
ENSG00000133895	7	2	4	3	6	6	12	1	4	4	3	4	8	2	2	1	17	1	5	5	6	5	4	8	3	8	4	10	3	10	5	4	4	2	15	24	23	6	13	18	8	7	6	8	9	9	7	9	5	13	14	6	5	2	6	16	5	4	8	5	7	6	7	9	4	8	20	6	5	1	14	4	7	5	11	22	10	5	9	4	14	10	3	6	4	5	6	4	1	1	3	6	6	4	0	3	4	2
ENSG00000134086	2	1	3	0	0	5	4	5	4	2	2	1	2	0	1	2	4	2	5	6	4	3	1	6	2	10	3	4	6	7	3	1	2	3	3	12	9	6	1	10	2	3	2	1	3	6	5	3	5	5	5	2	3	1	4	2	1	2	2	1	2	5	4	3	1	1	5	5	4	1	3	4	1	1	3	10	3	2	5	2	4	2	1	4	3	2	4	2	1	1	1	3	10	1	2	4	2	3
ENSG00000134121	0	4	0	0	1	1	1	1	0	0	0	0	3	0	0	0	0	0	0	3	0	0	0	0	0	0	0	0	0	0	0	0	0	0	0	0	1	2	2	6	0	5	0	0	5	3	7	3	5	4	1	3	2	0	1	0	0	2	1	0	0	0	2	0	0	0	1	6	0	0	0	2	4	5	3	2	2	0	1	0	0	0	0	0	1	0	0	0	0	0	0	0	0	0	0	0	0	0
ENSG00000134245	2	5	20	9	5	3	7	12	5	5	3	4	15	0	1	2	2	6	2	2	0	1	2	2	0	0	1	0	0	1	1	0	1	8	0	14	11	11	4	3	3	3	5	1	11	9	10	8	6	8	4	9	6	3	5	3	1	3	0	2	2	3	11	1	1	4	17	23	2	2	2	16	10	5	6	9	18	1	15	4	1	2	1	0	2	3	0	1	3	4	2	1	1	5	2	6	7	7
ENSG00000134323	23	7	12	0	7	16	6	8	4	8	5	11	0	7	11	13	21	0	0	0	0	0	0	0	0	0	0	0	0	0	0	0	0	0	7	0	1	1	1	1	0	0	0	0	5	6	7	2	5	6	3	1	1	0	0	4	4	5	0	4	5	4	5	5	2	0	2	0	1	2	1	1	2	0	0	5	2	0	1	0	4	0	0	0	0	1	0	0	1	2	0	0	0	0	0	0	0	0
ENSG00000134371	5	12	7	14	4	7	2	5	6	9	4	7	15	5	3	5	4	6	3	2	4	3	4	3	2	6	2	3	4	4	3	2	8	6	7	16	17	7	4	12	4	11	7	5	5	5	5	3	3	3	3	4	4	7	6	6	5	5	4	4	3	4	2	2	5	8	7	5	5	5	5	4	3	5	7	10	5	5	7	6	5	6	6	6	3	3	16	7	9	6	6	14	9	4	6	7	5	9
ENSG00000134571	1	0	0	0	4	3	3	2	0	1	1	0	0	0	1	0	6	0	11	0	0	2	0	0	0	2	0	0	0	0	0	0	0	1	7	11	17	1	5	3	0	1	0	0	3	1	3	4	2	6	2	0	1	0	1	3	0	0	0	0	0	4	5	1	0	20	5	1	0	3	3	1	1	1	24	37	2	1	0	2	1	4	3	4	0	2	0	0	0	0	0	4	17	0	0	0	0	0
ENSG00000134760	6	1	2	0	2	6	0	3	2	4	1	4	0	0	4	4	2	0	0	0	0	0	1	0	0	0	0	0	0	0	0	0	0	0	0	0	0	2	0	0	0	2	0	2	0	0	0	0	0	0	0	0	0	0	3	0	3	7	0	1	1	1	0	2	0	1	0	0	0	0	0	0	0	0	0	1	1	0	1	0	2	1	0	0	0	0	0	1	0	1	2	1	0	4	0	4	0	0
ENSG00000134982	7	8	5	1	1	8	3	2	0	5	2	4	4	5	5	5	7	4	1	2	1	5	1	3	2	3	1	3	2	2	3	3	5	4	2	7	6	5	3	5	2	2	5	2	14	23	19	11	10	15	17	2	4	2	4	6	5	3	4	2	4	1	3	5	2	3	4	4	2	1	6	2	2	4	4	4	5	2	5	4	3	3	1	3	2	2	2	3	4	4	3	4	8	3	4	2	3	3
ENSG00000135100	2	1	0	2	1	8	3	0	1	8	1	3	0	0	1	1	11	0	0	0	0	0	1	2	0	1	0	1	0	0	0	2	0	0	0	1	2	5	1	7	2	0	0	8	0	1	1	0	1	0	0	11	2	8	9	0	12	15	9	0	0	2	9	4	8	0	2	0	8	0	0	8	8	1	0	6	17	0	12	2	1	0	3	0	0	0	12	1	0	1	0	2	1	0	0	1	0	0
ENSG00000135111	1	22	28	0	2	0	0	0	14	10	6	1	13	0	0	0	9	1	1	0	0	1	0	0	0	0	0	0	0	0	0	0	0	4	0	7	16	17	4	0	0	6	1	15	2	5	1	7	4	7	3	16	5	6	8	5	20	17	0	5	18	15	22	4	4	6	23	19	1	5	5	18	18	6	10	13	17	7	31	3	2	5	6	0	1	4	7	12	1	2	1	1	0	8	14	5	7	6
ENSG00000135318	3	0	1	22	0	5	0	0	1	1	0	1	17	0	1	1	3	9	0	9	7	3	3	2	1	5	6	1	1	1	4	7	4	6	2	27	30	18	1	9	2	11	22	13	4	12	3	4	4	6	4	5	6	12	4	10	0	3	0	13	15	7	7	5	2	7	10	20	1	4	6	7	5	11	7	4	9	9	5	9	7	6	5	1	9	11	3	11	9	10	3	0	0	8	22	8	12	13
ENSG00000135903	2	1	1	0	2	0	13	12	5	2	0	2	0	0	0	0	1	0	1	0	0	0	0	0	0	0	0	0	0	0	0	0	0	0	0	10	17	0	20	22	0	0	0	1	0	1	0	3	0	0	1	0	3	0	0	1	0	0	1	2	2	0	1	1	0	0	0	1	0	0	4	2	1	0	0	2	0	4	0	0	1	0	0	0	0	0	0	0	0	1	0	0	1	9	6	0	0	0
ENSG00000136160	9	11	18	0	0	6	1	0	2	7	10	8	3	0	3	0	3	0	0	0	0	0	0	0	0	0	0	0	0	0	0	0	0	0	0	1	2	0	11	21	0	6	0	8	3	6	4	4	3	1	2	5	1	4	0	11	3	7	0	1	1	3	3	0	4	6	7	1	1	2	4	6	8	0	6	4	8	3	10	1	1	2	0	0	0	1	0	0	0	0	2	0	1	0	0	0	0	0
ENSG00000136352	0	1	0	0	0	0	0	0	0	0	0	0	0	0	0	0	1	0	0	0	0	0	0	0	0	0	0	1	0	0	0	0	0	0	0	0	2	0	0	1	0	0	0	0	0	1	0	0	0	0	0	0	0	0	0	0	0	0	0	0	0	0	0	0	0	0	26	0	1	0	0	0	0	0	0	4	0	0	0	0	0	0	0	0	0	0	0	0	0	0	0	0	0	3	0	0	0	0
ENSG00000136488	3	1	0	0	0	1	1	1	0	1	0	0	0	0	0	1	3	0	0	2	0	0	0	0	0	0	0	0	0	0	0	0	0	0	0	1	3	0	0	1	0	0	0	0	0	0	0	0	0	0	0	0	0	0	0	1	0	0	0	0	0	19	0	0	0	0	0	5	0	0	0	0	0	0	0	1	0	0	0	0	0	0	0	0	1	0	0	0	0	0	0	0	0	0	0	0	0	0
ENSG00000136531	1	2	0	2	0	2	1	2	2	0	1	0	1	0	1	3	1	0	0	0	0	0	0	0	0	0	0	0	0	1	0	0	0	0	1	1	1	0	0	0	0	0	0	0	5	4	3	4	3	5	0	1	1	2	1	0	0	0	0	0	0	0	0	0	1	1	3	0	1	0	1	0	3	1	1	2	0	1	1	0	0	1	0	5	0	0	0	0	0	0	0	0	0	1	1	0	0	0
ENSG00000136574	3	6	0	0	0	2	0	2	18	11	5	3	1	0	0	0	5	0	0	0	0	0	0	0	0	0	0	1	0	0	0	0	0	0	0	1	1	0	1	1	0	0	0	16	0	0	0	0	0	0	0	0	0	14	0	6	11	14	0	0	0	17	19	0	18	21	0	39	21	1	1	0	0	0	36	35	0	0	26	17	0	0	2	0	1	0	5	0	0	0	1	0	0	0	0	0	0	0
ENSG00000136854	6	3	3	3	2	6	4	4	2	2	0	0	6	0	3	0	9	6	2	0	1	4	4	3	1	3	3	0	1	5	0	4	5	6	1	8	8	6	11	23	1	12	0	4	6	6	7	4	6	6	4	4	6	2	3	8	4	6	7	2	5	4	8	2	4	10	13	10	5	1	8	4	2	4	9	9	5	5	4	6	5	4	4	1	0	5	3	7	1	5	3	4	2	4	2	4	3	4
ENSG00000136931	1	0	5	0	3	8	11	12	4	1	0	0	0	1	0	2	5	0	0	0	0	0	0	3	0	0	0	2	0	0	0	1	1	0	3	7	9	0	8	8	0	0	0	1	2	2	2	1	2	1	1	0	0	0	0	19	1	3	0	0	0	0	2	3	0	0	4	13	0	0	0	1	0	0	1	9	0	0	0	0	1	13	0	0	1	0	9	0	0	0	0	2	0	0	0	0	0	0
ENSG00000136944	0	2	1	0	0	0	12	11	0	2	0	0	0	0	0	0	3	0	0	0	0	0	0	0	0	0	0	0	0	0	0	0	0	0	0	1	5	1	2	3	0	0	0	0	0	1	1	0	0	0	1	0	0	0	0	0	0	0	0	0	2	0	3	0	0	0	0	0	1	0	0	1	0	2	2	15	0	0	0	0	0	0	0	0	1	0	0	8	0	2	0	0	0	0	0	0	0	0
ENSG00000137090	0	0	1	0	1	1	1	0	0	3	0	0	0	0	0	1	0	0	0	0	0	0	0	0	0	0	0	0	0	0	0	0	0	0	0	0	0	0	0	2	0	0	0	0	0	0	0	0	0	0	0	0	0	0	0	0	0	1	0	0	0	0	0	0	0	0	0	0	0	1	0	0	0	0	0	0	0	0	0	0	0	0	0	0	2	0	0	0	0	0	0	0	0	0	0	0	0	0
ENSG00000137309	25	21	11	15	15	22	0	14	0	9	10	17	19	11	10	13	22	6	13	14	13	13	6	14	9	9	9	10	10	12	10	9	7	6	14	20	24	15	11	22	9	12	10	10	10	16	12	13	13	16	15	10	9	11	17	8	9	9	11	8	8	12	8	14	12	11	17	6	9	9	21	13	7	6	9	31	11	9	20	7	9	9	7	10	8	13	9	16	7	7	9	21	12	12	13	14	11	12
ENSG00000138083	6	3	0	0	19	1	1	6	0	1	0	1	0	0	0	0	10	0	0	0	0	0	1	0	0	0	0	0	0	0	0	0	0	1	0	10	8	0	2	2	0	0	0	0	0	13	1	1	0	0	1	0	0	0	0	0	0	0	0	0	0	0	2	0	0	0	0	1	0	0	0	0	0	0	0	4	0	0	0	0	0	0	3	0	0	0	0	2	2	1	0	0	0	8	2	1	4	0
ENSG00000138160	9	5	4	7	6	10	6	5	4	2	6	4	13	5	7	6	7	3	3	5	5	8	5	3	5	3	4	2	12	3	3	2	5	3	3	12	15	8	4	8	6	2	5	2	4	3	4	2	6	3	2	4	3	5	6	3	2	2	4	4	4	5	3	3	3	3	3	5	8	2	5	2	2	2	4	5	4	2	3	2	10	2	3	7	7	4	4	6	5	4	3	4	16	3	9	4	6	12
ENSG00000138279	3	3	1	5	1	5	7	1	4	1	4	2	3	3	2	1	7	1	1	2	2	5	2	2	3	5	1	3	7	1	1	2	2	1	7	9	12	3	4	2	3	8	3	1	2	3	1	1	4	3	1	3	2	2	2	3	1	3	4	2	4	1	2	4	2	5	2	3	2	1	13	3	3	2	2	5	4	6	2	1	4	1	1	3	3	1	1	2	3	3	1	2	7	2	1	1	3	1
ENSG00000138326	16	8	3	6	7	24	19	6	13	18	9	18	9	6	8	15	19	8	2	4	6	6	3	10	6	10	9	8	4	6	6	6	4	15	12	18	13	10	5	15	3	3	4	3	8	12	9	4	12	16	5	3	7	4	5	5	3	5	1	5	7	4	4	6	3	7	8	7	3	1	5	3	5	7	6	8	4	5	5	9	8	3	4	4	7	8	3	8	5	5	4	10	10	9	7	7	11	13
ENSG00000138449	0	1	6	6	0	2	0	0	5	2	1	0	4	0	0	0	1	5	3	0	10	6	2	10	5	14	4	4	3	10	1	2	2	2	21	3	3	1	2	5	1	12	19	14	5	5	6	3	2	7	4	4	7	9	2	14	13	16	4	6	9	20	9	3	4	12	8	23	8	2	6	8	14	4	6	8	15	10	19	2	1	18	5	13	0	0	3	0	2	4	2	3	11	3	1	0	0	2
ENSG00000138463	7	4	9	4	5	5	5	2	3	2	3	4	3	1	3	3	3	3	6	4	3	2	1	4	1	6	2	2	7	1	1	1	1	2	1	4	4	6	3	6	1	2	4	1	4	3	1	3	3	3	2	4	1	3	8	4	5	8	2	2	4	9	3	1	2	5	5	3	3	1	17	3	5	2	4	3	6	8	5	2	6	2	2	3	4	1	2	6	2	2	1	6	17	3	2	7	1	4
ENSG00000139083	9	4	13	12	2	12	5	0	9	6	2	1	7	1	4	5	3	5	9	5	7	2	2	4	4	3	2	5	6	5	4	2	6	2	14	9	10	4	2	6	6	3	21	4	4	5	8	4	5	9	7	4	6	8	12	2	2	3	3	12	12	10	7	13	5	13	15	3	6	5	9	6	1	13	12	17	9	4	8	15	19	13	2	12	6	1	5	4	6	7	2	7	14	4	7	1	2	7
ENSG00000139219	3	0	10	0	12	2	12	0	6	4	0	0	0	0	0	0	3	0	0	1	1	0	0	0	0	2	0	0	0	0	0	0	0	15	0	8	8	3	4	4	0	1	1	1	0	1	0	2	0	0	0	1	1	0	1	3	9	4	0	0	4	2	7	0	3	2	1	0	0	2	2	3	2	0	2	5	0	1	0	0	0	0	0	1	0	2	1	1	0	2	0	0	0	0	0	2	0	0
ENSG00000139618	3	2	2	3	2	6	2	0	1	2	1	1	3	1	2	2	4	4	4	2	1	1	1	2	1	3	3	1	2	1	1	2	1	5	2	11	7	2	3	5	2	2	6	3	2	3	3	1	1	2	2	3	4	2	4	1	3	2	1	2	3	2	2	2	1	2	3	2	2	1	4	1	1	3	3	3	2	2	1	3	3	2	1	5	3	1	2	5	2	2	4	1	13	2	5	5	7	9
ENSG00000139687	1	1	3	2	2	5	2	0	1	1	2	1	5	1	1	1	3	2	2	4	4	8	4	5	3	7	4	4	5	6	5	1	2	2	2	7	11	3	6	5	2	8	1	4	3	4	2	3	2	5	1	3	1	1	3	7	1	1	3	2	5	2	6	3	2	7	7	4	5	3	10	3	1	3	5	9	4	2	6	3	5	6	2	5	4	2	3	2	1	3	1	1	3	1	2	1	3	2
ENSG00000140262	21	8	3	14	7	17	8	20	9	21	14	19	21	14	12	5	4	7	2	3	4	3	2	7	4	5	2	2	5	1	4	1	3	8	3	10	14	5	3	14	5	6	4	5	9	23	12	15	14	10	17	3	3	7	2	3	6	7	3	10	10	2	5	9	4	2	3	6	5	3	4	6	9	4	2	4	3	3	5	2	9	2	1	11	6	1	2	5	8	9	2	5	6	8	10	4	12	15
ENSG00000140416	14	16	27	26	13	21	13	21	18	14	8	18	28	5	14	7	16	9	2	0	2	3	1	2	1	1	1	2	1	1	1	1	3	9	3	12	16	12	3	9	2	6	25	7	15	21	12	13	12	14	12	15	26	15	21	6	5	11	3	15	23	19	14	4	11	19	21	36	12	7	28	11	11	10	24	30	19	10	23	9	2	9	7	2	1	1	13	13	17	19	5	9	2	18	14	7	15	19
ENSG00000140443	10	11	7	4	2	15	13	7	7	10	13	5	11	4	10	4	9	3	1	2	1	5	3	4	2	5	5	5	3	5	6	3	2	6	4	8	11	12	7	5	6	5	16	7	8	11	12	4	10	10	5	8	10	4	5	12	5	3	7	7	7	7	6	9	5	6	14	9	8	2	9	2	3	10	8	15	6	6	3	5	11	8	5	4	1	6	9	6	4	4	7	3	8	6	4	7	5	7
ENSG00000140459	9	18	26	1	1	8	6	1	2	10	10	4	4	0	2	1	7	5	0	4	2	6	5	1	1	4	4	4	3	2	2	1	9	2	4	15	15	9	3	8	2	2	1	1	5	4	3	7	6	10	8	6	2	0	10	22	0	2	0	2	4	19	4	8	2	1	9	19	1	11	0	9	4	3	1	10	4	2	7	1	9	5	2	10	2	8	4	6	5	7	2	2	0	6	0	4	0	8
ENSG00000141030	5	4	3	4	4	6	5	4	2	2	3	5	4	2	2	2	4	2	4	2	2	4	1	3	2	7	2	2	3	2	2	1	1	1	9	10	11	3	8	7	1	5	5	2	5	8	6	2	5	5	2	3	2	3	3	2	3	3	2	6	5	2	4	3	1	1	3	4	2	1	3	4	1	2	3	5	2	1	1	3	3	4	2	4	5	1	2	2	2	1	2	3	6	1	3	2	2	6
ENSG00000141448	0	24	1	2	0	0	1	1	20	11	1	1	4	0	0	0	2	5	0	0	0	0	0	0	0	0	0	0	0	0	0	0	2	2	0	4	2	0	1	1	0	5	23	14	0	0	0	1	0	2	0	16	5	14	3	11	6	6	31	2	3	19	15	4	19	18	23	32	18	5	3	16	10	4	25	29	22	2	26	5	3	13	2	0	0	5	4	2	0	1	14	0	0	8	0	4	5	9
ENSG00000141510	13	9	6	4	9	11	14	13	7	8	9	14	5	7	10	13	18	2	2	3	2	2	2	4	3	3	1	3	2	3	2	2	2	2	6	11	23	5	10	10	6	2	3	2	9	14	7	10	8	13	6	2	4	2	3	5	2	3	5	2	3	2	5	2	3	3	4	10	3	4	5	2	1	3	3	14	3	4	5	3	4	2	1	3	2	2	3	3	2	2	2	4	6	2	4	3	2	3
ENSG00000141646	29	4	3	6	4	16	4	11	7	17	19	22	6	8	21	6	12	6	2	4	8	8	5	19	6	19	5	7	12	10	4	3	2	7	15	17	8	6	3	10	5	11	6	6	6	8	9	4	4	5	5	7	9	9	4	7	9	6	16	4	3	9	3	5	3	4	5	8	7	3	10	7	5	8	4	9	5	5	4	2	3	1	2	7	6	1	5	5	3	4	1	4	21	6	7	4	5	17
ENSG00000142156	10	12	5	8	1	2	3	1	8	8	9	8	22	0	5	3	10	9	0	0	1	1	0	2	0	3	3	1	2	3	0	2	1	15	1	29	28	2	14	12	3	11	17	13	7	7	5	9	8	10	7	23	26	11	25	4	8	10	3	9	13	9	7	7	14	9	27	34	3	3	8	19	15	19	10	39	17	15	22	17	12	9	2	3	2	0	0	2	7	3	3	0	0	11	20	1	19	16
ENSG00000142731	4	2	3	3	1	7	4	1	3	2	2	3	4	6	2	4	3	2	2	1	1	2	1	1	2	1	1	1	3	1	1	1	2	2	1	5	6	2	2	12	2	1	3	1	1	3	2	2	2	1	1	3	2	2	3	5	1	1	0	3	3	2	3	1	3	2	2	2	1	0	1	1	1	3	1	2	3	3	3	2	2	1	1	2	1	1	2	1	1	1	2	2	7	2	1	3	3	2
ENSG00000142871	11	6	12	15	10	15	6	7	5	6	9	9	22	4	7	4	13	7	0	0	0	1	0	0	0	0	0	0	0	0	0	0	2	5	2	25	25	13	6	5	0	4	24	6	9	6	6	6	9	14	4	6	9	8	5	5	6	6	2	6	6	6	8	5	7	6	9	9	4	3	15	6	4	12	9	10	6	8	6	10	9	4	1	1	0	4	4	9	8	6	8	3	0	13	12	9	9	9
ENSG00000143252	9	8	4	4	2	6	6	7	7	6	2	4	4	1	2	4	8	2	4	2	4	3	3	5	3	2	2	4	4	3	3	3	4	6	6	8	7	3	4	9	4	3	3	5	7	6	5	7	3	4	6	6	3	5	3	6	3	4	2	5	5	3	5	5	3	4	4	4	2	2	5	4	3	2	5	8	4	3	5	2	5	2	2	4	3	3	8	4	2	3	2	8	6	1	2	1	3	5
ENSG00000143368	12	10	5	10	3	10	7	8	8	8	5	6	15	3	8	9	7	5	5	1	2	5	1	4	2	7	7	1	1	4	2	1	8	6	7	26	28	12	13	19	5	7	17	4	14	17	8	9	9	16	15	17	16	4	9	14	12	10	3	6	8	3	13	7	5	3	12	10	7	2	9	10	9	9	5	9	24	5	15	9	7	8	3	10	4	3	2	5	3	2	3	4	3	6	4	7	6	9
ENSG00000143514	5	11	5	9	5	6	11	9	10	3	2	1	12	3	2	4	1	5	8	3	9	13	5	10	6	15	6	7	5	11	6	4	10	8	11	10	14	9	6	13	4	4	16	8	19	30	21	19	22	20	20	7	7	4	8	11	5	2	2	6	6	4	6	3	5	4	17	5	3	5	6	3	4	5	8	11	6	8	8	6	4	9	3	4	3	3	2	3	4	11	5	13	15	8	5	3	12	11
ENSG00000144285	1	2	0	1	0	3	4	1	0	0	1	2	2	1	1	0	2	1	4	0	0	0	1	0	0	0	0	0	0	0	0	0	0	0	0	5	0	0	0	0	0	0	0	0	1	2	1	1	2	4	0	0	0	0	0	2	0	0	0	0	0	0	0	0	0	0	0	0	0	0	0	0	0	0	0	0	0	0	0	0	0	0	1	0	0	1	0	0	0	0	4	0	3	0	0	0	1	2
ENSG00000145335	4	2	0	1	3	2	3	5	3	1	0	1	0	0	2	0	2	0	1	0	0	0	0	0	0	1	0	0	0	1	1	0	0	0	2	4	2	8	5	21	1	0	0	1	5	4	5	4	4	6	5	1	3	2	1	2	1	2	1	0	0	1	2	4	0	0	3	6	0	0	0	0	1	5	0	3	0	0	0	1	0	2	0	5	0	0	0	8	0	0	5	0	6	1	0	4	0	0
ENSG00000145362	19	9	1	4	8	14	7	8	5	14	7	8	3	6	9	3	4	5	0	1	1	1	1	0	1	1	1	1	0	2	1	1	1	6	0	4	4	1	1	5	1	7	1	4	12	20	13	10	10	11	13	5	7	5	7	7	5	4	2	13	17	0	5	6	2	9	3	19	1	2	3	2	6	10	4	7	7	8	7	3	4	5	1	0	2	0	0	3	2	3	1	0	0	3	10	1	3	4
ENSG00000145675	2	6	6	6	2	3	3	3	0	6	2	2	5	2	0	1	3	7	6	6	14	15	8	13	15	18	15	19	20	14	11	11	9	9	16	21	21	9	4	17	15	18	8	20	30	20	27	17	24	30	23	11	16	16	19	6	10	9	3	7	7	10	8	16	6	30	15	6	4	8	9	8	14	17	13	18	19	7	23	9	13	11	3	27	10	1	6	12	2	5	3	2	24	3	13	9	10	6
ENSG00000145715	2	2	3	4	2	1	1	1	0	3	2	2	2	2	2	2	2	2	1	2	9	3	2	8	2	10	3	4	12	10	2	2	2	7	2	9	5	6	2	4	4	1	3	1	3	4	4	3	4	5	1	4	1	2	3	1	2	1	3	2	2	15	1	3	2	2	2	3	2	2	3	3	5	1	2	6	4	1	3	1	1	3	1	1	3	1	2	5	2	3	2	3	6	1	3	2	2	8
ENSG00000147883	0	1	2	10	1	0	2	2	2	2	0	1	10	0	0	0	0	4	3	2	2	3	4	2	4	1	3	1	2	6	3	2	2	7	1	9	12	6	6	4	1	7	1	2	5	5	4	3	5	5	5	4	4	3	6	1	3	3	4	0	2	5	2	1	2	1	3	1	2	1	3	3	3	4	3	6	4	3	4	3	6	3	0	18	2	9	0	10	4	6	3	0	4	10	8	6	7	9
ENSG00000147889	3	1	2	13	1	0	2	2	2	3	0	1	17	0	0	0	1	5	3	2	2	3	4	2	4	1	5	1	3	6	3	2	2	9	1	16	16	6	6	5	1	8	1	2	6	6	5	4	8	6	5	4	4	3	6	1	3	3	5	0	2	5	2	1	2	1	3	1	2	1	3	4	3	4	3	6	4	3	4	3	6	3	0	27	2	12	0	12	7	10	4	0	6	15	11	10	9	10
ENSG00000148400	24	10	6	5	16	2	25	20	17	16	8	10	5	2	10	6	29	6	13	6	16	13	8	15	6	10	4	10	11	10	16	6	6	6	18	16	33	8	14	6	17	11	12	20	20	25	24	16	21	26	19	19	33	18	25	14	14	15	6	16	19	10	24	21	11	19	24	8	11	6	29	9	16	16	27	43	19	16	26	16	21	16	6	22	10	14	0	7	4	5	11	5	9	8	5	5	11	13
ENSG00000149311	4	3	5	5	2	5	6	0	3	3	5	2	7	2	2	6	1	2	4	5	8	11	12	10	12	13	12	17	18	20	6	13	9	2	10	14	10	7	6	22	15	2	2	4	4	6	4	5	5	2	5	5	5	4	7	6	1	2	2	2	4	4	1	9	4	4	9	5	2	2	6	7	5	4	2	6	15	4	8	3	14	8	1	14	10	1	4	2	3	2	3	11	14	2	3	2	4	2
ENSG00000150907	33	26	13	5	3	26	3	0	4	12	18	17	0	17	21	21	25	8	4	11	13	4	2	15	7	16	11	8	17	8	8	3	2	10	10	5	5	9	6	7	4	12	6	5	6	7	5	6	8	7	4	16	7	6	3	16	5	5	7	9	16	5	4	15	2	9	8	14	3	1	20	14	8	6	11	14	13	10	17	6	5	3	4	3	7	3	5	4	8	13	8	1	5	8	0	6	2	11
ENSG00000151322	3	4	1	1	5	2	6	5	0	4	0	3	0	0	2	0	0	1	0	0	0	0	0	0	0	0	0	0	0	0	0	0	1	1	0	6	3	1	2	5	0	3	4	2	14	17	14	10	9	10	17	4	7	3	2	4	3	3	3	7	5	2	3	1	2	2	3	5	2	1	4	2	3	3	4	6	3	1	4	3	0	2	0	0	3	0	0	0	1	2	1	0	0	7	2	0	1	0
ENSG00000151348	2	1	1	0	1	3	2	3	1	1	0	0	1	0	1	2	1	2	0	0	1	1	1	1	1	2	1	1	2	1	0	1	1	2	1	2	4	2	2	5	2	1	1	1	2	3	2	1	2	6	3	3	1	1	1	1	2	1	1	4	1	0	0	0	3	1	3	5	3	0	3	1	1	2	2	2	2	3	2	4	1	1	1	2	2	1	0	3	0	4	1	1	1	1	0	3	2	2
ENSG00000151702	1	4	7	2	1	6	3	0	15	3	2	3	5	0	0	2	2	6	9	12	18	10	5	16	16	23	16	14	15	24	14	4	6	7	19	5	9	0	5	3	8	14	2	9	7	12	8	6	6	9	8	8	4	6	7	11	4	8	0	10	17	12	6	7	4	21	27	1	1	0	9	8	3	4	15	13	13	12	19	4	11	32	0	19	5	1	0	5	0	3	8	0	20	7	5	0	3	8
ENSG00000151929	11	16	15	25	6	7	9	5	9	9	9	6	20	2	5	1	10	12	2	3	12	7	9	7	6	10	9	7	7	5	3	4	5	10	1	22	22	19	13	17	2	8	18	5	13	20	12	11	8	13	19	15	15	6	18	11	6	7	6	9	11	15	8	5	14	10	23	15	12	8	23	11	11	10	18	26	15	7	18	10	7	6	4	2	2	15	14	8	11	10	7	6	1	16	19	7	11	11
ENSG00000154473	5	3	3	3	2	4	1	3	3	2	1	1	2	1	2	1	5	4	1	2	4	10	3	8	2	6	4	5	7	6	3	3	5	2	7	11	6	2	3	6	1	2	1	2	1	2	1	1	1	1	1	2	1	2	3	3	2	2	1	1	1	1	3	2	1	1	1	3	2	2	2	3	1	1	2	3	3	1	3	1	4	2	2	7	9	3	4	1	1	2	3	9	2	3	2	5	3	6
ENSG00000156970	6	5	3	1	3	5	1	4	1	4	6	3	2	4	6	7	11	0	0	0	0	1	0	1	1	2	1	0	5	2	0	0	2	0	3	5	8	2	1	6	0	0	0	1	1	2	2	2	1	1	0	1	0	1	0	1	1	1	1	0	1	6	4	4	0	0	2	0	1	1	1	1	1	0	0	8	2	1	1	0	3	0	1	4	5	3	1	2	3	1	1	4	11	2	1	3	2	2
ENSG00000157017	3	3	2	3	1	5	15	10	10	4	3	4	7	2	3	4	4	1	6	2	4	11	2	12	4	20	6	16	6	11	4	4	4	4	12	18	23	4	2	8	2	2	0	4	19	20	10	7	17	21	4	1	2	0	0	6	0	2	1	0	1	0	2	4	3	0	6	2	5	0	0	2	0	0	0	5	1	3	5	1	1	3	4	2	6	1	5	0	0	0	2	5	21	3	1	0	0	7
ENSG00000157540	13	8	4	10	7	15	3	2	9	10	8	8	11	9	11	4	5	3	4	10	14	7	3	11	7	29	7	7	27	5	15	4	3	7	20	17	19	13	4	8	4	14	9	9	8	13	5	6	5	4	3	4	9	7	10	13	7	7	7	19	16	7	9	11	5	17	11	6	3	7	15	5	5	6	9	11	9	13	9	4	7	11	4	17	8	2	6	10	5	10	5	10	29	6	6	8	6	17
ENSG00000157764	3	5	3	1	3	3	2	5	1	4	2	2	3	2	2	0	1	2	2	3	3	4	2	4	2	3	1	4	3	3	4	2	2	3	3	5	3	4	2	6	3	3	2	3	3	3	3	2	2	3	3	2	3	2	2	4	3	5	7	2	3	2	4	2	2	2	4	3	3	2	2	1	1	2	2	3	3	3	2	3	2	1	2	2	5	1	5	2	2	3	2	2	2	1	3	1	2	2
ENSG00000158321	6	7	2	3	3	1	3	4	3	4	1	1	0	0	0	0	3	2	0	3	3	0	0	0	0	1	1	0	0	1	1	0	0	3	3	3	0	6	2	8	3	4	2	3	6	10	10	7	8	6	8	1	5	2	4	5	10	11	2	3	5	3	3	2	2	2	3	14	4	2	4	2	2	5	3	5	3	3	3	2	3	1	4	6	5	0	0	0	0	0	0	0	2	2	0	0	0	0
ENSG00000158517	0	0	0	0	0	0	0	0	1	0	0	0	6	0	0	0	0	2	7	4	0	0	0	0	0	0	0	0	0	0	0	0	0	2	0	0	0	2	0	0	0	1	1	0	0	0	0	0	0	0	0	0	2	0	2	0	0	0	0	0	1	0	0	0	0	3	3	0	0	0	3	1	0	1	2	4	1	1	1	0	2	8	0	0	3	0	0	2	0	0	0	0	5	5	0	4	0	2
ENSG00000158828	10	13	3	3	1	10	6	10	5	9	5	7	6	1	6	4	8	4	1	2	2	1	1	1	1	2	1	1	2	1	1	1	1	2	1	8	8	6	2	7	2	4	3	4	15	7	11	4	8	17	5	5	4	3	4	6	4	2	1	1	4	9	2	1	1	4	7	4	1	2	11	4	3	3	8	26	4	5	6	5	3	2	4	2	0	4	4	3	3	3	2	4	8	2	2	3	5	5
ENSG00000158887	10	7	2	4	2	7	6	6	5	6	2	3	4	1	2	3	8	2	4	2	4	3	3	5	3	2	2	4	4	3	3	2	4	6	6	8	7	4	4	12	4	3	2	5	8	7	6	7	4	4	6	6	3	5	3	6	4	5	2	5	5	3	5	5	3	4	4	4	2	2	4	4	3	3	5	8	4	3	5	2	5	2	2	4	3	3	8	3	2	3	2	8	6	1	2	1	3	5
ENSG00000159216	1	6	15	14	0	2	0	0	4	2	1	1	21	0	0	3	1	6	12	13	11	9	10	23	8	17	15	9	13	15	8	7	14	9	16	14	16	8	8	9	14	5	12	9	5	6	4	10	1	6	9	14	8	8	14	3	9	11	3	6	12	10	14	17	15	4	23	0	6	9	8	12	11	5	4	6	22	10	17	5	24	13	3	24	8	3	4	10	10	8	6	11	15	7	7	8	7	7
ENSG00000160710	12	14	4	9	4	10	12	8	9	10	9	10	15	8	10	11	7	6	4	4	7	9	5	20	8	19	12	13	7	5	3	5	4	9	18	17	12	14	5	22	6	5	10	3	17	17	11	14	15	21	11	5	8	3	5	11	4	2	6	2	4	3	4	8	3	13	11	6	4	4	6	5	3	3	13	14	3	4	9	6	6	7	2	6	8	4	3	2	4	5	7	4	19	9	4	2	4	14
ENSG00000161594	6	2	0	0	3	7	8	4	5	3	2	1	3	2	1	3	11	0	0	4	1	3	2	2	1	3	1	0	0	1	0	2	2	6	0	11	18	1	4	4	1	3	4	1	3	4	2	3	2	4	2	2	5	1	2	0	0	0	1	0	0	1	1	0	2	1	2	9	1	1	1	2	1	2	2	8	1	1	1	3	3	2	2	2	3	4	2	1	0	1	1	3	1	1	0	1	2	3
ENSG00000162374	2	1	0	0	2	6	5	1	0	1	0	0	0	1	2	1	0	0	0	0	0	0	0	0	0	0	0	0	0	0	0	1	0	0	1	0	0	0	0	1	0	0	0	0	4	2	2	7	3	4	5	0	0	0	0	3	8	5	22	0	0	0	5	3	0	0	0	0	1	0	0	0	1	0	0	3	0	0	0	0	0	0	0	0	0	0	0	0	0	0	0	0	1	0	0	0	0	0
ENSG00000162599	9	4	1	5	1	7	9	1	5	4	2	3	9	8	3	3	4	7	4	1	5	6	4	7	3	6	5	6	3	7	2	5	10	7	9	10	7	9	3	11	4	8	23	9	17	15	16	13	18	20	16	11	12	13	19	6	4	6	11	10	14	11	8	13	9	20	15	12	13	0	23	8	5	13	15	12	13	6	16	12	13	9	5	0	0	7	15	10	5	9	7	11	8	8	7	8	6	9
ENSG00000162711	0	0	3	1	0	4	1	1	2	0	0	0	0	0	0	3	1	1	19	1	3	3	4	4	4	3	3	6	1	4	5	4	4	0	6	0	1	0	0	0	6	2	0	1	1	5	1	2	0	0	5	9	3	2	2	1	0	0	0	1	4	2	0	3	0	1	7	1	2	0	0	10	8	1	2	3	12	2	9	0	2	11	0	2	4	0	0	0	0	0	0	0	24	0	0	0	0	1
ENSG00000163132	0	3	7	0	0	0	4	7	10	2	3	0	5	0	0	0	1	1	0	0	0	0	0	0	0	0	0	1	0	0	0	0	0	2	0	7	5	0	2	5	0	5	3	1	2	8	4	8	2	14	4	1	2	0	0	0	0	0	0	1	2	3	1	0	0	2	3	1	1	1	2	0	0	0	2	2	0	3	0	0	1	4	2	0	2	1	2	0	1	1	1	3	0	4	4	0	3	3
ENSG00000163931	20	27	15	14	5	22	17	17	16	15	16	12	20	8	16	9	16	8	13	11	10	8	3	4	2	2	2	5	2	3	11	3	7	13	16	25	21	19	17	19	5	11	15	8	20	23	20	14	18	20	17	14	18	13	18	16	8	7	3	3	4	11	8	12	11	22	26	19	11	4	6	12	7	8	18	47	19	12	20	14	12	14	11	10	8	19	12	11	6	7	9	10	14	8	13	12	13	12
ENSG00000164093	7	10	0	0	0	3	6	10	17	8	7	5	4	0	0	0	6	8	0	0	0	0	0	0	0	0	0	0	0	0	0	0	0	7	0	9	9	9	3	1	0	1	0	0	0	0	0	0	0	0	0	16	0	0	4	0	2	5	0	9	9	25	7	0	1	0	0	0	0	7	13	1	3	0	0	2	2	12	11	5	0	0	2	0	0	1	0	0	4	3	0	0	0	0	5	0	0	0
ENSG00000164109	4	6	2	3	4	5	2	3	7	4	2	3	10	3	2	0	1	6	1	3	4	5	1	5	4	3	1	3	1	4	1	1	4	5	4	16	11	10	4	12	2	2	8	1	4	3	3	2	3	2	2	5	4	3	4	6	4	3	3	3	3	2	4	3	4	4	6	2	3	4	6	3	4	4	4	3	5	5	6	4	3	5	1	8	5	4	2	3	3	1	2	4	11	8	5	3	5	12
ENSG00000164190	8	4	3	5	1	3	4	4	4	3	4	7	5	4	5	2	5	2	3	2	4	4	3	2	3	7	3	2	9	1	2	2	5	4	7	6	6	9	2	10	4	2	5	3	6	4	3	2	2	4	3	2	3	3	4	5	5	3	9	2	3	2	3	2	3	5	3	5	2	4	6	2	3	4	4	7	4	2	4	4	3	3	4	3	8	3	2	9	4	3	1	9	11	3	6	7	2	3
ENSG00000164362	1	0	1	0	1	1	0	0	0	0	1	0	0	0	0	1	2	0	0	0	2	1	1	3	2	2	1	1	1	3	1	0	0	0	0	2	3	1	2	0	0	0	0	0	0	0	0	0	0	0	0	4	0	0	0	0	2	1	0	0	0	0	0	9	2	0	2	0	0	0	0	4	4	0	0	6	5	0	4	0	8	1	1	19	4	0	0	0	0	0	0	1	0	0	0	0	0	0
ENSG00000164690	0	3	0	1	0	3	0	3	0	3	0	3	2	0	0	2	0	0	1	0	0	0	0	0	0	0	0	0	0	0	0	0	0	1	0	3	5	0	2	6	0	0	0	1	0	2	0	2	0	4	0	6	0	0	0	0	2	4	0	0	0	0	8	0	3	0	8	0	1	0	0	6	6	0	0	7	8	0	4	1	0	0	1	0	1	1	2	0	0	0	1	0	0	0	0	0	0	0
ENSG00000164692	11	7	10	25	4	4	7	7	7	6	5	5	18	3	8	3	6	7	0	0	0	0	0	0	0	0	0	0	0	0	0	0	0	4	0	29	29	1	2	7	0	20	24	6	5	4	2	4	4	6	1	12	16	17	11	12	16	19	0	21	6	6	20	11	10	9	14	39	2	7	12	9	11	18	13	7	17	9	21	14	2	9	2	0	0	0	0	0	10	11	1	2	0	23	21	0	14	14
ENSG00000165588	11	18	0	0	9	6	1	12	0	10	3	8	0	2	7	5	8	0	0	0	0	0	0	0	0	0	0	0	0	0	0	0	0	0	0	0	0	0	0	0	0	0	0	0	0	0	0	0	0	0	4	0	0	0	0	0	0	0	0	0	0	0	0	0	0	0	0	0	0	1	1	0	0	0	0	2	0	0	0	0	0	0	0	0	0	0	0	0	0	0	0	0	0	6	0	0	0	0
ENSG00000165671	7	4	5	4	4	13	3	2	0	6	4	5	7	3	3	4	11	5	5	6	8	10	3	8	5	8	4	5	6	7	5	3	7	5	11	19	17	5	5	9	2	9	10	4	7	7	9	7	6	6	7	8	10	5	4	7	5	6	4	4	6	7	6	4	5	5	14	7	4	2	10	4	7	3	7	11	8	5	9	7	9	10	2	4	5	3	0	1	3	5	2	3	8	3	3	3	5	9
ENSG00000165699	4	5	6	5	4	5	6	6	6	4	3	2	8	1	4	4	3	1	1	1	1	3	1	1	1	1	1	1	3	3	1	1	1	3	3	9	7	3	2	5	2	1	3	1	8	4	7	6	4	5	10	2	1	2	2	4	2	1	2	4	5	1	2	2	1	12	7	6	3	2	4	3	2	1	3	8	3	5	2	1	2	1	1	2	3	5	1	3	2	5	3	3	1	2	2	3	4	3
ENSG00000165731	1	0	0	0	0	1	4	0	0	0	0	0	0	0	0	3	3	0	0	0	0	0	0	0	0	0	0	0	0	0	0	0	0	0	1	2	8	0	6	2	0	0	0	1	0	0	0	0	0	0	0	0	1	0	1	0	3	4	0	0	0	0	13	0	1	0	0	0	0	0	0	1	0	1	0	11	0	1	0	0	0	0	0	0	0	0	0	0	0	0	0	0	0	0	0	0	0	0
ENSG00000166068	4	3	3	7	2	14	2	5	3	2	3	5	7	9	4	3	3	4	1	2	0	7	3	2	0	4	2	0	0	2	1	0	7	5	7	13	13	10	6	15	1	3	5	2	6	5	4	5	5	6	4	7	4	7	6	3	2	1	6	4	7	4	3	8	4	3	2	7	2	0	3	5	6	2	3	2	5	3	7	1	5	2	2	0	1	1	3	4	7	5	1	5	3	7	14	5	7	9
ENSG00000166147	0	3	0	17	2	0	1	6	2	3	0	1	10	0	0	0	1	5	0	0	0	0	0	0	0	0	0	0	0	0	0	0	0	4	2	22	25	6	2	1	0	16	15	3	7	8	7	7	8	5	12	3	5	6	7	5	3	2	0	5	6	7	3	2	4	7	6	10	4	4	7	2	2	5	14	7	5	4	6	5	4	3	2	0	4	2	0	2	14	12	1	0	0	15	16	2	6	11
ENSG00000166573	3	0	0	0	0	6	0	0	0	2	0	1	0	0	2	5	4	0	0	0	0	0	0	0	0	0	0	0	0	0	0	0	0	0	0	0	1	0	2	1	0	0	0	0	0	0	0	1	0	0	0	0	0	0	0	5	0	0	0	0	0	0	0	0	1	0	0	0	1	0	0	1	0	0	0	3	0	0	0	0	0	1	0	1	0	0	0	0	0	0	0	0	0	0	0	0	0	0
ENSG00000166603	0	0	0	0	0	2	1	3	1	0	0	0	0	0	0	0	0	0	0	0	0	0	1	0	0	0	0	0	0	0	0	0	1	0	0	1	0	0	1	0	0	0	0	0	1	0	2	2	2	1	0	0	1	0	0	0	0	1	0	0	2	0	1	1	0	0	1	0	0	0	0	0	0	0	0	0	0	0	0	0	0	0	1	5	0	0	0	0	0	0	0	0	0	1	0	0	0	0
ENSG00000166949	11	12	17	16	6	8	22	27	12	14	7	11	39	2	8	6	10	12	15	17	24	21	10	15	22	20	21	16	20	26	21	4	13	16	10	29	31	30	10	9	22	17	24	17	9	23	8	16	13	23	13	26	33	23	31	15	17	14	11	13	14	17	19	20	20	21	42	33	22	20	49	26	24	17	29	43	36	23	34	16	42	23	23	0	17	16	12	13	13	18	15	14	18	19	31	22	23	15
ENSG00000167034	1	0	4	0	0	2	0	2	2	0	0	0	3	0	0	3	2	4	0	0	0	0	1	1	0	0	0	0	0	1	0	1	1	0	0	2	4	1	0	3	1	1	1	1	2	0	0	1	0	2	0	1	1	0	1	1	0	0	1	0	0	0	2	0	1	1	2	2	2	1	1	0	0	3	3	2	1	1	2	1	0	1	2	0	0	1	1	2	3	5	0	0	0	2	1	0	1	1
ENSG00000167371	20	12	14	16	17	20	18	20	10	15	11	18	23	9	12	14	29	11	13	7	21	12	11	18	16	12	11	18	15	21	11	13	11	10	16	35	36	18	17	27	16	10	21	12	14	13	14	14	9	16	16	26	11	10	18	14	12	14	16	12	15	10	13	14	14	16	25	31	17	3	25	9	14	16	20	37	16	9	25	9	22	19	12	21	11	18	17	9	9	12	9	9	15	13	15	13	15	17
ENSG00000167522	14	17	13	20	7	20	23	25	9	15	11	13	26	5	13	3	21	14	17	17	19	15	9	24	11	24	22	15	25	21	10	9	14	14	12	33	31	23	20	23	9	13	8	14	24	21	23	27	23	26	21	17	13	8	22	15	10	16	20	11	15	9	13	17	11	17	32	24	12	7	31	20	16	13	18	40	27	10	24	13	21	17	13	12	13	14	18	16	17	11	10	11	33	19	17	14	20	25
ENSG00000167548	5	4	2	8	3	4	4	0	10	5	1	2	7	3	4	4	5	4	5	8	7	4	5	5	4	5	4	8	7	9	8	5	5	4	9	28	30	4	16	15	6	4	4	6	10	11	9	11	8	14	9	6	6	6	8	9	3	6	3	5	10	5	3	7	3	6	10	12	4	5	7	7	5	5	6	15	5	4	4	5	7	4	3	6	6	4	3	3	3	2	7	9	9	7	5	4	3	8
ENSG00000168066	21	9	7	11	10	22	12	6	16	12	6	10	11	7	7	8	24	4	11	23	21	15	8	27	10	17	13	21	15	24	14	11	9	7	24	28	25	7	15	21	8	8	17	8	17	14	9	14	12	18	14	11	16	6	11	19	5	4	3	9	15	2	10	10	4	15	29	11	4	2	15	16	9	9	17	34	19	12	21	14	22	28	3	13	10	4	2	5	3	4	5	5	12	5	4	4	6	7
ENSG00000168137	15	10	9	21	13	15	19	14	14	21	5	13	14	13	9	9	5	9	4	5	15	12	3	19	10	21	12	15	17	18	7	7	8	14	13	24	25	12	8	24	4	19	10	14	7	9	6	9	7	7	9	4	16	17	7	22	8	6	23	5	6	10	6	7	4	10	10	17	7	5	13	5	8	15	9	7	9	11	12	11	5	6	6	5	8	4	14	11	9	6	7	10	26	14	13	11	8	22
ENSG00000168214	7	3	6	13	7	24	13	9	7	6	10	5	8	3	9	9	11	12	4	5	7	9	3	3	5	5	6	2	9	5	6	3	4	15	2	18	16	12	6	13	3	6	2	3	23	19	22	20	23	15	24	5	5	5	3	6	3	3	2	6	8	3	4	5	3	2	6	4	3	5	4	4	3	4	2	4	4	3	5	4	4	4	2	3	4	1	3	5	5	4	2	3	7	7	13	2	9	12
ENSG00000168477	4	2	1	1	3	6	0	8	0	4	2	3	17	5	2	1	7	3	4	3	5	6	1	7	2	12	3	4	5	4	2	2	4	7	4	17	27	10	9	12	1	14	23	13	13	22	14	18	20	26	16	13	14	13	23	15	14	13	3	9	9	11	10	9	11	15	33	36	1	14	14	12	12	11	18	26	20	9	17	10	8	12	4	4	2	9	7	6	2	5	3	5	10	5	22	6	11	10
ENSG00000168496	4	4	11	7	2	12	22	9	23	6	2	1	3	2	2	3	11	2	2	1	1	1	1	1	5	2	3	1	1	2	1	1	1	4	9	33	27	2	18	17	3	2	1	3	22	24	23	14	23	26	20	3	6	1	2	10	3	2	5	3	3	3	10	2	8	2	9	18	7	3	3	2	1	4	3	9	2	2	4	2	3	1	3	8	1	9	2	1	3	2	4	13	17	3	4	1	2	7
ENSG00000168542	0	0	9	6	0	1	3	3	11	0	2	0	31	0	0	0	0	10	0	0	0	0	0	0	0	0	0	0	0	0	0	0	0	6	0	13	18	0	0	2	0	10	8	15	0	0	0	1	0	4	0	19	16	11	10	13	10	17	0	21	17	8	16	9	5	8	2	17	1	10	5	15	13	17	10	4	8	15	16	14	1	3	4	0	0	0	0	0	11	7	2	0	0	11	20	0	10	11
ENSG00000168621	6	5	12	2	1	2	0	0	2	0	3	0	4	0	1	1	2	6	0	0	0	0	0	0	0	0	0	0	0	0	0	0	0	7	0	10	6	5	3	5	0	1	0	0	7	11	11	8	5	9	8	9	11	7	6	0	6	6	0	1	8	2	6	0	5	0	0	8	0	0	10	10	10	12	1	2	12	7	9	3	0	0	1	0	2	0	0	6	7	12	0	0	0	4	8	3	5	17
ENSG00000168924	7	4	6	8	2	2	8	12	6	5	2	3	17	1	4	1	6	7	3	5	7	7	7	8	5	7	4	5	10	6	7	6	9	6	9	19	24	10	9	15	9	9	7	6	10	15	11	7	12	13	12	18	7	6	9	6	15	15	7	2	6	2	14	17	8	12	13	8	6	4	7	13	12	6	11	22	18	5	17	9	35	3	4	12	9	5	15	4	8	6	5	10	9	8	6	6	9	7
ENSG00000169071	5	22	0	6	3	3	13	10	8	7	5	6	16	0	0	1	0	2	0	0	0	5	0	0	0	0	0	0	0	0	0	0	5	3	2	6	4	1	0	0	0	0	0	1	0	2	0	1	0	1	0	11	15	12	15	7	7	8	0	1	6	1	14	6	4	0	8	18	2	11	0	8	5	17	9	4	9	2	10	15	6	9	0	0	0	1	0	0	2	1	0	7	0	1	0	0	8	1
ENSG00000169554	6	9	4	17	13	5	13	14	9	9	7	14	22	4	5	2	3	3	12	12	14	9	5	3	7	4	4	3	0	3	12	12	12	6	10	19	22	0	17	13	15	6	32	13	9	7	10	9	8	10	6	10	21	11	20	16	14	9	2	12	8	12	14	23	20	21	26	43	5	3	29	13	16	24	24	28	26	5	19	13	18	16	4	9	1	3	0	0	4	1	5	15	3	7	16	0	11	7
ENSG00000169598	1	1	5	3	5	4	7	4	2	0	2	1	4	0	0	0	4	0	2	12	3	5	2	3	1	3	1	3	1	1	2	1	4	1	3	11	8	5	3	4	4	2	2	1	7	3	7	3	9	5	10	1	3	1	1	4	5	3	2	4	4	7	1	1	3	1	3	1	1	1	3	3	2	1	2	4	5	2	4	3	3	2	2	3	2	2	3	1	1	2	2	5	4	2	1	2	2	2
ENSG00000169855	5	2	4	3	2	4	6	6	6	2	2	2	3	1	2	2	3	1	0	0	0	0	0	0	0	0	0	0	0	0	0	1	0	2	1	2	4	2	2	11	0	3	3	1	11	11	11	3	7	5	12	4	5	4	3	5	2	1	2	2	1	2	1	5	3	4	2	3	1	3	7	1	2	2	4	2	5	4	3	1	4	1	1	0	2	1	5	1	3	4	2	0	0	2	7	2	1	6
ENSG00000169877	9	3	2	2	3	5	3	3	1	4	2	2	5	2	3	4	4	3	1	1	3	1	2	1	1	1	1	2	1	2	1	2	1	1	3	5	1	1	1	2	1	1	2	1	2	2	1	1	1	3	1	2	1	1	2	1	3	4	2	2	1	1	3	2	11	2	10	6	5	2	2	1	1	2	1	9	2	1	2	1	3	2	1	1	2	1	1	1	4	4	1	8	1	1	1	1	1	2
ENSG00000170322	2	2	3	1	0	3	3	0	3	2	1	2	5	1	2	3	3	0	2	1	4	2	1	6	2	3	5	4	3	3	2	2	1	1	7	8	6	3	5	8	1	1	3	1	2	4	2	1	2	2	2	2	3	2	1	2	3	2	2	2	3	5	3	4	3	2	3	2	2	0	3	2	2	2	2	2	2	2	3	3	5	1	1	8	1	2	2	2	1	1	3	2	3	3	1	2	2	3
ENSG00000170820	0	4	0	0	0	4	4	4	7	4	0	3	0	0	0	2	0	3	2	1	0	0	0	0	0	0	0	1	0	0	0	0	0	4	0	0	0	1	3	3	0	1	1	0	3	3	4	3	4	5	3	0	0	0	0	3	0	0	0	0	1	1	1	0	1	0	0	7	1	0	0	0	0	0	2	1	0	0	0	0	0	1	0	0	1	0	0	0	2	8	0	0	0	0	0	0	0	0
ENSG00000171316	5	7	3	2	6	8	8	12	18	11	4	6	1	3	4	3	6	4	1	12	3	4	4	4	5	5	5	3	1	5	5	4	2	1	0	4	4	4	6	7	3	4	1	3	5	9	5	6	8	5	8	5	4	5	2	4	4	4	5	6	6	1	6	5	2	8	4	2	4	1	4	5	6	5	5	4	4	4	5	5	3	3	5	3	6	2	6	4	5	5	4	4	2	4	0	4	1	3
ENSG00000171456	6	5	5	9	7	0	6	5	11	4	1	4	10	2	3	3	5	5	1	14	9	7	3	8	8	9	7	7	12	10	8	2	2	11	8	14	16	7	4	16	3	10	14	9	16	11	10	9	13	13	8	4	10	5	1	15	4	6	11	4	3	2	6	7	8	1	14	12	8	2	9	4	3	9	7	4	11	4	15	8	6	4	5	6	9	5	11	2	4	7	4	5	10	5	8	5	9	10
ENSG00000171735	8	3	5	1	5	8	11	8	9	8	7	6	15	3	3	3	5	7	2	7	4	5	2	4	2	4	3	2	5	3	2	2	2	8	7	12	7	9	4	14	3	6	16	8	11	10	8	10	14	15	11	4	11	4	8	9	3	7	2	3	4	3	3	2	6	12	13	11	3	3	10	5	4	5	13	17	12	3	10	6	6	14	7	4	8	7	4	4	6	7	5	2	4	6	5	6	7	6
ENSG00000171843	4	4	4	9	1	3	8	5	9	3	3	3	5	0	1	1	2	5	1	3	9	1	2	13	3	13	2	5	17	4	4	1	2	7	10	12	9	4	4	7	4	7	3	2	7	14	7	5	9	7	11	6	21	12	7	5	6	8	7	2	3	5	3	6	6	9	9	4	4	5	5	3	6	7	4	5	4	4	7	5	3	3	8	7	12	8	2	1	5	3	7	0	4	6	5	7	12	8
ENSG00000171862	7	3	3	6	4	2	4	3	6	4	8	4	7	2	4	2	3	3	1	4	4	3	2	5	4	5	2	4	10	3	3	3	5	6	10	13	14	10	10	12	9	6	4	10	6	5	5	5	4	8	5	6	7	8	9	5	7	4	7	5	3	9	3	4	5	4	4	4	4	3	4	8	4	2	6	3	8	2	5	2	3	3	5	11	7	11	3	8	4	5	7	8	13	7	10	11	10	11
ENSG00000173253	0	0	0	0	0	0	0	0	0	0	0	0	0	0	0	0	0	0	1	0	0	0	0	0	0	0	0	0	0	1	0	0	0	0	0	4	4	0	1	2	0	10	0	0	7	11	9	6	6	8	11	4	0	0	0	0	0	0	0	11	8	0	0	20	1	0	6	0	1	0	9	4	5	0	0	2	6	9	0	0	17	0	0	0	0	0	0	0	0	0	0	0	0	0	1	0	0	0
ENSG00000173473	7	6	4	5	2	9	11	8	8	2	4	4	6	2	2	2	6	5	4	7	5	5	2	6	2	7	2	3	4	4	3	2	4	4	10	8	5	6	2	8	3	5	6	3	6	5	5	3	4	3	4	3	8	7	6	8	4	4	3	4	4	7	6	5	5	6	5	6	7	1	10	3	3	4	5	7	4	5	6	4	6	4	3	8	6	3	4	2	2	5	3	8	4	3	4	5	4	3
ENSG00000173575	18	26	22	28	23	23	23	21	13	24	12	18	29	12	11	7	10	15	15	19	22	21	13	21	17	4	23	24	10	23	25	14	9	11	16	38	33	21	15	30	23	13	28	9	28	28	27	18	25	30	30	26	23	22	35	21	14	13	31	17	19	19	27	19	24	31	33	22	17	8	33	21	23	25	28	31	30	15	27	15	39	23	7	34	12	9	23	12	13	13	11	11	22	20	15	14	19	17
ENSG00000173757	5	1	2	2	4	4	8	9	5	4	3	4	7	2	3	1	6	4	4	8	12	9	13	18	5	17	14	13	11	11	14	6	9	6	18	15	17	3	14	15	13	8	4	8	8	10	8	9	3	6	8	8	15	7	6	15	5	5	5	5	4	25	4	13	5	3	14	15	3	2	6	6	6	10	8	9	6	7	15	7	7	8	7	4	6	8	4	2	1	3	4	21	12	6	6	1	5	6
ENSG00000174106	3	2	2	4	1	3	2	0	1	1	2	2	3	1	2	3	3	1	2	8	3	3	2	2	2	5	3	3	5	1	5	3	1	4	5	3	1	5	3	4	2	2	1	3	1	2	3	1	2	1	1	2	1	1	2	1	7	3	3	1	2	1	1	3	1	1	2	3	3	2	1	3	3	1	2	2	5	1	4	1	2	2	2	5	4	2	2	2	3	1	2	2	4	1	2	1	1	1
ENSG00000174405	4	4	2	3	4	2	2	1	1	6	3	3	6	3	3	0	2	2	2	6	10	4	4	10	5	9	5	7	10	4	5	3	3	3	6	3	5	4	2	6	3	5	4	4	5	6	6	4	6	4	4	5	2	5	6	5	3	4	14	4	4	2	2	3	5	5	6	0	5	1	7	3	2	6	4	6	6	3	7	2	6	5	2	11	8	4	4	4	3	3	2	5	9	3	4	5	3	6
ENSG00000174437	10	7	2	10	7	8	2	0	5	8	9	8	19	8	5	1	7	8	5	3	7	10	4	7	5	10	8	6	16	7	4	3	7	12	12	19	25	20	2	22	3	7	21	5	12	20	14	14	10	11	11	13	7	10	15	17	8	4	7	12	9	1	6	7	9	31	6	13	4	2	29	10	12	13	29	40	14	13	14	7	9	3	10	3	4	6	6	15	6	7	10	12	14	9	8	12	7	13
ENSG00000174804	6	12	2	5	3	5	3	0	13	7	0	4	12	0	3	2	5	7	0	0	0	6	0	0	0	0	0	0	0	0	0	0	6	7	2	7	5	2	5	4	0	7	18	11	6	7	7	5	9	8	6	11	17	5	12	14	7	7	4	6	7	2	11	3	7	15	17	26	5	1	19	7	16	11	15	9	11	11	11	11	6	10	2	0	1	5	10	1	2	4	12	7	0	6	1	1	3	6
ENSG00000174842	2	2	2	3	1	2	3	5	2	1	1	2	2	2	1	1	3	1	1	1	6	6	2	2	5	5	6	7	3	5	5	3	4	2	4	5	4	3	1	7	4	2	2	1	2	1	3	1	2	4	1	2	2	1	2	1	1	2	1	1	1	1	1	3	2	2	1	4	2	2	1	4	1	1	2	1	2	1	11	1	4	2	2	6	1	1	1	1	1	1	1	2	4	1	1	1	1	3
ENSG00000175054	6	5	4	6	0	4	7	5	3	4	4	4	5	2	3	3	8	3	3	1	2	3	3	3	3	5	2	3	4	4	4	4	5	3	5	9	10	2	4	8	5	1	6	2	3	6	4	2	2	3	3	5	6	4	5	2	4	2	5	2	1	3	2	4	3	2	8	1	5	2	3	2	2	2	5	2	6	1	4	2	3	4	2	6	4	2	4	4	3	1	2	6	4	3	3	4	2	3
ENSG00000175344	2	0	1	0	1	0	0	5	0	1	2	1	0	0	0	1	0	0	0	0	0	0	0	0	0	0	0	0	0	0	0	0	0	0	0	0	3	1	2	3	0	0	0	0	2	0	3	2	3	4	3	0	0	2	0	6	8	7	0	0	1	0	5	1	2	0	0	4	2	0	2	0	2	0	0	0	0	0	3	1	1	0	0	0	1	0	0	0	0	0	0	0	0	0	0	2	0	0
ENSG00000175646	4	2	3	4	0	6	5	7	2	4	0	1	5	1	3	1	7	0	0	2	2	1	1	3	0	3	3	2	1	1	0	2	1	0	0	3	7	0	4	1	0	0	1	1	0	0	1	1	1	1	2	5	3	0	0	3	0	0	1	0	0	2	7	6	6	3	10	1	0	1	0	9	3	4	3	5	10	0	0	1	10	2	0	5	4	0	18	0	0	3	0	0	0	0	0	0	0	0
ENSG00000176165	0	2	0	3	8	1	0	0	0	0	0	0	0	0	0	2	4	0	0	0	0	1	0	0	0	0	0	0	0	0	0	0	3	0	2	4	4	0	0	0	0	0	0	0	19	19	21	18	17	20	0	0	0	0	1	0	0	0	0	0	0	0	0	19	0	0	0	0	1	0	0	0	0	0	2	0	0	0	0	0	19	0	1	0	2	0	0	0	0	0	0	6	0	22	0	0	0	0
ENSG00000176692	1	1	2	17	0	1	2	6	4	3	1	2	17	2	2	1	4	7	2	1	1	2	1	1	1	1	1	1	1	1	1	1	1	8	1	21	20	2	3	5	1	3	22	8	5	5	3	17	2	25	5	14	3	5	10	11	7	7	2	3	7	1	12	4	12	14	15	8	2	2	17	10	13	1	22	23	9	9	14	2	3	2	8	3	2	8	2	7	11	11	7	2	3	10	13	4	11	14
ENSG00000176974	2	5	3	3	0	4	2	1	0	1	1	1	1	1	2	0	5	2	2	1	1	1	2	2	1	1	2	1	1	2	0	1	2	2	1	5	3	6	4	8	1	6	2	7	3	3	3	2	2	1	4	6	3	2	7	1	0	1	0	0	2	8	2	4	3	1	6	1	1	0	5	4	7	1	5	8	3	2	4	1	2	3	2	3	1	3	3	1	0	0	1	2	3	1	2	4	2	2
ENSG00000177302	4	3	2	2	2	10	6	6	5	4	2	2	4	1	2	1	7	2	9	2	4	3	3	4	5	11	2	2	1	3	2	2	1	3	9	29	17	2	9	13	2	8	2	8	7	5	12	5	7	8	3	2	6	4	2	1	1	1	2	1	2	2	1	2	1	1	7	2	4	2	3	4	2	1	5	10	4	3	4	6	2	12	1	6	4	3	3	1	2	2	2	3	23	2	7	1	2	7
ENSG00000177374	4	9	11	11	1	2	13	9	8	6	4	1	17	1	5	1	13	11	4	6	11	5	5	7	5	6	8	4	6	7	11	4	5	11	5	41	38	9	14	21	2	17	4	9	24	26	20	24	12	28	22	17	25	14	22	16	19	15	16	19	17	7	15	20	26	13	24	44	13	12	31	9	18	13	19	36	17	10	17	15	35	22	3	6	11	5	2	6	13	14	8	4	8	9	22	6	12	17
ENSG00000177426	27	23	4	17	8	31	7	10	11	9	9	8	13	11	13	21	20	5	3	6	6	5	6	5	4	5	2	3	4	3	4	3	2	4	6	16	18	14	7	12	4	3	7	5	8	4	8	5	7	7	8	5	7	7	7	6	5	12	10	5	7	4	7	4	6	2	8	17	8	10	3	2	4	4	7	7	10	2	14	5	9	4	8	3	8	7	4	8	7	5	8	9	3	6	11	6	5	7
ENSG00000177519	7	5	0	0	0	8	7	6	9	8	6	7	0	1	2	0	5	0	0	0	0	0	0	0	0	0	0	0	0	1	0	0	0	0	0	0	1	1	0	0	0	0	0	0	1	2	2	1	2	6	0	0	5	0	0	1	0	0	0	1	0	0	3	0	1	0	0	0	0	0	0	0	0	3	0	0	0	0	0	3	0	1	0	0	0	3	0	0	0	0	0	0	0	0	0	0	0	0
ENSG00000178691	3	2	3	3	2	5	4	4	1	2	4	2	7	2	2	2	4	3	3	3	2	4	1	3	2	3	2	2	3	2	3	1	3	6	7	7	6	3	2	7	1	2	2	1	2	2	1	1	2	1	2	2	2	3	2	2	3	3	1	2	2	7	3	3	2	2	2	2	2	1	2	1	2	3	3	4	2	1	3	1	3	3	2	3	3	1	6	4	4	3	3	8	4	6	3	3	3	5
ENSG00000179295	6	6	3	5	6	15	6	0	3	11	3	4	5	5	2	6	6	3	2	3	5	5	3	3	3	10	6	4	4	5	3	2	5	5	7	14	10	5	3	6	2	3	4	5	7	12	7	3	10	8	4	3	3	3	4	4	2	2	4	4	3	3	3	3	5	3	4	3	3	2	13	3	4	3	7	10	8	4	5	2	2	2	3	3	4	2	3	2	2	2	2	8	5	3	5	2	3	6
ENSG00000179348	0	3	16	0	1	0	1	2	6	0	0	0	11	0	0	2	3	1	0	0	0	5	0	1	0	0	0	0	0	0	0	0	6	0	4	17	15	0	3	0	0	4	1	4	1	10	5	11	1	11	8	9	6	0	9	14	1	3	2	2	7	13	6	1	4	9	14	4	10	2	12	9	12	3	13	21	6	7	18	2	0	11	4	0	0	6	2	0	2	4	3	8	0	8	4	0	7	2
ENSG00000179915	10	4	0	0	2	9	7	10	2	3	2	6	0	5	11	2	7	1	0	0	0	0	1	0	0	0	0	0	0	0	0	0	0	1	1	2	0	1	0	1	0	2	0	1	8	21	9	6	11	14	11	0	0	2	0	1	1	0	8	3	6	0	3	1	1	0	0	4	2	0	0	2	0	0	5	1	0	1	0	0	0	0	0	0	0	0	0	0	0	0	0	0	2	0	0	0	0	0
ENSG00000181090	10	5	4	4	4	9	15	10	9	10	6	6	11	3	3	0	17	5	14	6	6	10	6	16	9	15	14	11	18	14	9	9	5	9	20	15	22	11	14	19	6	8	4	13	12	11	16	9	12	16	11	5	11	8	11	8	6	7	6	7	5	7	12	4	14	8	19	9	12	10	12	13	9	8	6	24	14	3	16	5	15	18	4	8	10	12	7	5	5	6	5	11	19	5	9	8	9	14
ENSG00000181163	3	4	4	5	3	9	3	2	0	10	3	6	2	4	2	2	8	5	1	4	3	3	1	3	3	5	5	3	7	3	1	2	5	8	3	7	7	4	5	13	2	3	3	1	5	3	5	3	6	2	3	2	2	5	2	1	1	1	2	3	2	2	1	2	3	4	2	3	4	2	2	2	1	3	2	11	1	2	4	1	3	1	1	3	4	2	4	6	3	4	2	3	9	3	2	2	3	9
ENSG00000181449	32	3	0	5	34	30	12	23	14	13	12	17	0	14	14	13	17	0	0	0	0	0	0	0	0	0	0	0	0	0	0	0	0	0	0	1	1	4	1	1	0	0	0	1	27	14	18	6	18	26	10	0	4	1	20	0	1	0	0	0	0	0	14	0	12	0	3	1	0	1	0	0	1	3	0	3	0	0	1	3	0	0	4	0	0	0	0	0	0	0	1	0	0	13	0	0	0	0
ENSG00000181481	5	1	4	3	2	6	5	10	1	3	1	1	2	3	3	5	3	2	8	11	3	2	1	1	1	1	1	1	2	1	12	1	1	1	3	4	9	2	2	4	2	13	1	10	10	15	9	9	10	9	16	13	8	11	4	6	4	6	4	5	15	11	7	9	3	12	18	4	2	2	8	18	19	5	13	13	20	12	18	4	7	17	3	1	8	1	0	3	1	4	1	0	17	1	3	1	4	2
ENSG00000182185	5	3	0	2	1	1	2	5	0	4	4	3	7	4	2	0	4	2	3	3	2	2	2	2	2	4	2	2	3	2	2	2	2	4	4	6	4	5	10	19	2	2	1	3	2	2	2	2	3	3	3	5	4	3	4	3	2	4	4	3	3	4	2	4	4	3	6	6	2	0	7	4	3	2	4	5	7	3	5	2	6	4	2	4	5	3	2	3	2	2	3	4	9	2	4	4	4	3
ENSG00000182197	4	20	6	16	3	4	10	7	14	10	4	7	11	3	2	0	3	6	1	2	3	3	3	3	2	4	5	1	6	2	4	2	3	7	2	15	14	13	4	7	3	5	29	5	6	4	4	3	6	5	4	10	9	8	10	8	5	6	2	4	7	4	5	6	9	8	10	7	7	3	9	8	11	4	10	8	15	5	14	5	5	8	5	14	4	2	5	10	8	10	7	1	5	4	7	14	8	12
ENSG00000183072	0	3	0	0	0	0	0	0	0	1	0	0	0	0	0	0	1	0	0	0	0	0	0	0	0	0	0	0	0	0	0	0	0	1	0	3	0	2	1	3	0	0	0	0	0	0	0	0	0	0	0	0	0	0	0	0	0	0	0	0	0	0	0	0	0	12	0	0	0	0	0	0	0	0	20	25	0	0	0	0	0	14	1	0	0	0	0	0	0	0	0	0	0	0	0	0	0	0
ENSG00000183691	1	6	6	0	7	1	5	11	7	2	1	1	6	0	0	1	2	2	0	0	8	1	9	6	0	7	0	8	11	13	0	9	0	5	2	0	5	3	1	2	6	0	0	1	0	4	1	2	0	2	4	1	2	0	1	0	1	2	0	8	7	0	13	2	2	0	1	0	0	8	9	0	0	3	5	4	9	4	0	2	6	0	2	3	0	4	0	4	9	7	1	0	0	2	1	1	5	0
ENSG00000183770	1	1	0	0	0	4	0	1	0	2	0	2	0	0	0	1	5	0	1	0	0	5	0	0	0	0	0	0	0	0	0	0	5	0	6	5	7	2	2	3	0	0	0	0	0	1	1	2	0	0	1	0	1	0	0	0	0	0	0	0	0	0	0	0	0	0	1	25	1	1	0	0	0	0	0	3	0	0	0	0	0	0	3	0	0	2	0	0	0	0	0	4	0	0	2	0	0	0
ENSG00000184058	0	0	0	0	0	1	0	0	0	0	0	1	1	0	0	0	4	0	0	0	0	9	0	0	0	0	0	0	0	0	1	0	9	0	4	11	20	2	5	6	0	2	0	1	0	0	0	0	0	3	1	1	1	0	3	0	0	0	0	4	11	2	1	0	0	3	4	0	0	0	3	1	0	0	2	22	0	5	0	0	0	2	2	5	1	1	0	0	6	7	8	8	0	0	4	2	0	0
ENSG00000184302	2	2	0	0	3	1	3	2	0	5	0	0	0	1	0	2	2	0	0	0	0	0	0	0	0	0	0	0	0	0	0	0	0	0	0	0	1	0	0	1	0	0	0	0	0	0	0	0	0	0	0	0	0	0	0	0	0	0	0	2	4	0	0	0	0	0	1	0	1	0	1	0	0	0	0	1	0	2	0	0	0	0	0	0	0	0	0	0	0	0	0	0	0	0	0	0	0	0
ENSG00000184779	0	0	0	0	0	0	0	0	0	0	0	0	0	0	0	0	0	0	0	0	0	0	0	0	0	0	0	0	0	0	0	0	0	0	0	0	0	0	0	0	0	0	0	0	0	0	0	0	0	0	0	0	0	0	0	0	0	0	0	0	0	0	0	0	0	0	0	0	0	0	0	0	0	0	0	0	0	0	0	0	0	0	0	0	0	0	0	0	0	0	0	0	0	0	0	0	0	0
ENSG00000184937	0	7	1	0	0	3	0	1	2	0	0	0	0	0	0	0	1	0	0	0	1	6	1	0	0	0	0	0	2	0	0	0	8	0	5	0	0	0	1	1	0	0	0	0	0	0	0	0	0	0	0	0	0	0	0	0	0	0	0	0	0	0	4	4	0	12	1	25	0	1	0	0	0	0	12	15	0	0	0	0	0	9	2	23	1	0	0	0	0	1	0	13	0	0	0	0	0	0
ENSG00000185338	8	7	6	6	1	6	7	11	5	4	3	2	9	0	3	2	10	1	3	2	9	7	5	9	7	7	6	7	7	7	8	9	12	3	7	9	16	3	5	4	4	5	7	5	2	6	2	3	2	5	6	15	4	3	4	10	2	3	3	4	3	4	7	13	6	6	11	4	3	2	6	12	8	4	9	13	14	3	10	4	18	5	2	13	4	1	10	3	2	3	1	8	3	7	1	3	8	2
ENSG00000185345	2	1	0	2	0	5	1	2	1	3	3	2	1	1	2	0	1	2	1	3	3	1	2	4	2	3	2	2	1	2	2	2	2	2	1	4	4	2	2	1	1	2	3	2	4	5	3	1	2	3	3	4	3	4	2	4	4	3	2	6	7	2	3	2	2	11	2	6	2	3	7	3	4	3	6	8	2	8	3	1	3	3	1	0	0	2	2	2	1	2	2	1	2	2	2	2	2	2
ENSG00000185551	6	1	18	23	18	3	28	22	5	3	0	1	19	0	0	0	2	10	0	0	0	10	0	0	0	0	0	0	0	0	0	1	8	9	5	25	26	15	11	14	0	15	21	9	30	31	21	17	28	32	35	24	24	17	22	14	17	23	11	23	14	22	10	28	19	24	25	33	27	13	32	22	17	23	22	34	22	12	34	10	20	16	7	0	6	6	11	10	15	12	8	12	0	9	33	9	8	15
ENSG00000185920	17	9	13	9	7	7	7	8	9	9	6	6	12	6	8	4	14	4	0	4	7	7	4	6	8	6	6	7	7	7	10	5	10	5	3	13	11	10	17	8	4	5	8	3	15	16	20	11	16	17	18	18	9	9	13	7	20	21	6	6	6	7	23	7	10	9	19	22	12	2	9	15	14	6	11	9	28	5	28	8	9	6	5	2	7	3	9	5	7	7	3	8	0	3	6	4	4	10
ENSG00000186081	1	2	1	0	0	1	0	0	1	1	0	0	0	0	0	0	0	6	2	0	0	0	1	0	0	0	0	0	0	0	0	0	0	5	0	4	7	9	2	0	0	3	1	0	6	11	2	1	5	3	4	0	1	0	11	0	0	1	0	1	4	0	9	11	0	0	0	0	5	7	0	1	0	2	0	1	0	0	0	6	16	4	0	0	0	3	0	8	6	6	0	0	0	1	0	5	0	1
ENSG00000186153	2	1	2	4	3	4	4	4	1	2	1	1	3	1	0	0	3	1	1	1	3	1	1	2	1	1	1	2	2	1	1	1	1	1	2	2	1	4	3	4	1	2	11	3	5	7	5	7	6	5	5	2	1	2	3	1	1	2	2	4	2	2	1	1	1	2	3	7	2	2	3	1	1	1	4	6	1	1	2	1	1	1	1	2	3	1	1	2	1	2	1	1	1	1	2	2	1	1
ENSG00000186575	4	5	4	11	1	10	1	2	6	3	6	4	20	1	2	1	5	5	4	5	6	7	4	7	3	9	7	3	4	5	5	4	2	7	2	16	16	18	2	9	3	3	2	3	4	6	3	2	4	4	5	8	6	5	4	7	4	3	7	3	5	3	3	5	3	9	7	3	8	3	7	5	7	5	3	15	10	3	9	2	9	6	7	8	4	7	3	9	6	5	9	5	5	10	8	11	8	10
ENSG00000186765	6	10	13	13	3	10	5	10	7	6	8	3	8	4	6	3	21	4	5	7	5	3	5	5	6	4	5	6	6	7	6	4	7	5	5	28	35	8	16	9	8	4	15	5	5	6	6	5	4	13	7	8	4	5	7	5	7	10	8	7	5	10	9	7	12	6	14	5	12	8	8	3	3	5	9	28	6	3	6	4	15	8	4	6	5	6	4	6	4	4	3	7	4	4	7	6	7	11
ENSG00000186790	0	2	4	2	0	2	1	4	4	0	0	0	3	0	0	1	5	3	0	0	0	1	0	0	0	0	0	0	0	0	0	0	0	2	0	16	8	3	4	4	0	0	0	0	0	0	0	2	0	1	0	4	1	0	0	1	0	0	0	0	0	0	0	0	0	0	1	0	0	2	0	4	5	0	0	1	6	0	0	0	0	0	0	3	2	0	0	4	4	2	0	0	0	1	0	2	1	6
ENSG00000186868	3	3	5	0	2	3	4	3	5	1	1	1	1	1	0	0	2	0	0	2	2	2	3	2	2	2	4	0	0	3	1	1	2	0	1	3	8	1	3	7	0	3	0	4	22	23	25	22	24	23	25	0	6	0	9	5	2	5	1	2	6	0	4	1	0	3	2	2	1	1	17	1	1	2	3	5	0	11	1	3	1	1	1	1	0	2	1	1	0	1	0	2	0	0	0	0	0	0
ENSG00000186895	2	0	0	0	3	3	5	1	0	2	0	1	0	0	1	0	3	0	0	0	0	0	0	0	0	0	0	0	0	0	0	0	0	0	0	3	7	0	5	0	0	0	0	0	0	0	0	0	0	0	0	0	0	0	0	0	3	3	0	2	4	0	0	0	0	0	0	0	1	0	1	2	0	0	0	6	1	0	2	0	1	0	0	0	0	2	0	0	0	2	0	0	0	0	0	0	0	0
ENSG00000186951	3	1	1	2	0	4	1	0	2	3	2	1	5	0	1	4	2	1	1	4	2	3	3	3	2	3	2	3	3	4	4	2	2	2	2	14	16	4	9	5	2	6	3	21	5	8	6	10	4	11	7	13	3	7	6	6	12	14	6	4	8	1	5	1	4	10	8	27	6	5	9	11	8	4	10	41	15	5	19	4	4	4	2	14	2	5	11	2	1	3	0	3	1	1	4	2	3	1
ENSG00000187098	1	3	3	19	6	4	4	4	5	6	2	2	25	0	2	3	1	2	4	0	0	8	0	0	0	0	0	0	0	1	1	0	6	4	5	6	4	6	18	18	0	11	5	1	21	22	18	14	14	12	15	5	31	15	16	2	5	5	0	5	8	6	6	5	7	30	11	33	2	1	14	7	11	22	21	12	13	10	9	11	3	3	6	0	0	4	0	5	4	3	5	11	10	4	0	5	4	2
ENSG00000187210	14	10	5	12	0	5	3	5	6	13	7	5	7	2	8	2	3	7	4	6	2	1	1	2	3	4	5	0	5	2	6	1	1	9	6	10	11	2	1	6	2	1	0	1	1	2	3	1	3	3	1	5	1	4	3	4	11	14	4	1	4	2	8	5	5	1	1	1	1	1	1	7	9	2	1	3	8	2	9	1	6	6	1	0	10	4	6	3	4	2	5	0	16	7	7	1	5	14
ENSG00000188486	11	9	5	12	10	13	13	0	8	13	6	12	10	5	9	4	17	5	7	8	16	14	7	14	12	12	9	12	8	13	7	7	11	6	12	19	26	9	17	21	6	7	15	7	20	17	17	15	20	19	20	11	12	6	9	11	10	11	13	7	11	8	11	15	6	6	17	13	6	6	10	11	7	6	10	19	15	5	20	7	14	10	8	12	11	8	9	11	8	6	8	12	16	11	10	9	11	6
ENSG00000189056	0	0	1	1	0	4	1	0	0	0	0	0	3	0	0	1	0	0	0	0	0	3	1	0	0	0	0	0	0	0	0	0	1	0	1	0	0	0	0	1	0	0	0	6	0	2	0	0	1	0	0	0	0	0	0	0	0	0	0	0	0	0	2	0	1	0	2	0	0	0	0	1	0	0	0	0	0	0	0	1	0	1	0	0	1	0	6	0	0	0	2	11	0	0	0	0	0	0
ENSG00000196092	2	0	0	0	0	2	2	6	2	4	0	1	0	1	0	0	2	0	1	16	1	0	0	0	0	1	1	0	0	1	2	0	0	0	2	1	6	0	3	2	1	0	0	0	0	0	0	1	0	0	0	3	1	0	0	0	0	0	0	0	0	0	0	3	0	0	0	1	0	0	0	5	2	0	0	0	15	0	5	0	3	10	0	0	8	0	0	0	0	0	0	0	0	0	0	0	0	0
ENSG00000196218	10	1	0	0	1	6	0	3	2	4	2	2	0	2	4	3	19	0	7	1	3	6	1	1	1	4	4	1	5	1	1	0	5	0	2	2	6	0	8	2	2	0	0	1	1	3	2	4	1	3	4	1	1	1	0	0	0	0	0	7	17	1	0	0	0	0	6	1	0	2	13	1	0	1	0	8	1	11	1	0	0	4	0	0	3	0	0	0	2	3	0	8	8	0	0	0	0	0
ENSG00000196220	5	5	1	0	4	7	11	8	7	3	0	2	0	1	2	0	1	1	2	0	1	2	2	2	1	1	1	0	3	0	0	1	0	1	1	3	1	4	0	4	0	0	0	1	5	6	4	4	4	5	5	1	4	2	2	8	3	2	2	12	9	0	3	2	1	4	2	5	0	1	5	2	1	2	4	7	2	3	2	1	3	1	1	2	0	0	0	4	0	1	0	0	1	0	3	1	0	0
ENSG00000196628	23	15	12	6	11	20	11	19	25	19	17	15	17	12	15	10	8	8	2	12	1	3	2	2	0	3	0	1	0	1	5	0	7	7	7	27	16	4	1	5	1	15	12	10	26	28	24	16	22	29	24	16	15	14	15	14	13	14	7	18	16	9	15	13	8	26	18	20	7	1	28	11	13	17	26	12	20	10	28	9	7	14	3	3	16	0	0	4	8	7	10	7	6	9	15	4	9	9
ENSG00000196712	8	6	5	8	5	11	12	6	5	5	5	4	4	4	3	3	8	5	3	2	2	1	1	3	1	4	3	3	2	3	3	4	3	4	1	8	8	4	2	7	3	4	7	3	5	7	7	4	6	4	5	6	4	3	3	2	2	2	4	1	2	3	1	4	2	3	3	6	3	0	5	3	3	1	2	7	5	2	6	1	7	4	2	8	2	2	3	6	7	4	3	4	2	7	5	4	6	5
ENSG00000197283	22	13	11	11	15	21	0	24	0	14	11	14	20	10	16	22	24	7	9	14	9	8	9	18	8	14	14	15	10	11	9	8	11	10	20	32	35	14	17	31	11	7	14	6	20	20	19	16	26	30	15	19	23	13	12	14	14	13	17	10	17	9	13	12	7	14	23	21	12	10	15	9	10	14	14	28	19	8	22	16	14	16	6	19	15	8	6	14	8	6	8	13	9	9	13	8	14	16
ENSG00000197299	6	2	2	1	1	3	6	3	1	4	2	4	2	2	3	2	4	1	5	2	3	2	1	2	1	1	3	2	2	2	2	2	2	1	7	4	2	1	1	5	2	2	1	1	1	1	1	2	1	2	1	1	2	1	1	4	2	2	4	2	3	2	1	2	1	2	1	1	1	2	3	1	2	2	2	1	2	1	1	1	6	4	1	3	6	2	2	2	2	1	2	3	11	1	1	3	2	2
ENSG00000197728	9	7	9	11	6	11	13	0	5	11	5	11	9	5	5	7	11	4	1	3	8	7	4	10	5	8	6	8	10	5	1	2	5	8	12	12	11	5	5	9	3	7	5	7	6	5	7	5	9	6	5	5	6	4	6	9	4	5	4	2	5	8	7	14	1	2	3	5	6	5	5	2	3	4	3	5	8	3	4	6	10	6	2	9	1	2	2	5	4	4	3	10	4	5	3	5	7	7
ENSG00000198087	8	5	1	11	1	9	0	7	0	8	5	8	4	4	9	2	6	4	2	2	1	4	1	3	1	1	2	3	3	1	1	1	8	3	6	4	5	6	1	1	2	5	2	5	3	1	2	1	2	1	2	8	1	8	3	2	4	7	8	3	2	1	3	7	4	2	4	1	6	2	1	6	5	2	1	2	9	2	6	1	5	2	6	2	7	1	3	4	3	3	2	6	1	3	6	3	2	3
ENSG00000198691	3	4	16	6	4	4	6	8	7	12	1	1	9	0	1	4	2	4	0	0	1	0	1	0	0	0	1	0	0	0	5	0	0	6	0	4	9	4	2	2	0	1	0	4	4	1	1	0	5	3	2	1	2	3	1	7	6	7	1	5	8	11	4	8	1	4	11	9	1	4	1	1	1	2	2	5	1	2	4	1	4	4	2	2	0	3	7	7	1	3	4	3	5	7	1	2	2	11
ENSG00000198743	5	5	4	8	7	6	3	1	9	6	2	8	5	2	3	1	5	6	1	2	5	6	3	11	5	8	6	4	9	4	3	4	3	4	6	13	9	9	2	6	3	4	8	5	4	4	3	5	4	4	4	12	11	3	2	6	6	12	3	3	4	4	3	9	4	3	6	4	3	3	6	10	11	7	5	4	11	2	8	3	12	1	4	18	10	2	2	4	5	5	4	4	9	4	3	4	3	6
ENSG00000198807	0	0	0	14	0	2	0	0	0	3	0	2	0	0	0	1	2	0	0	0	0	0	0	0	0	0	0	0	0	0	0	0	0	0	0	2	2	0	2	0	0	1	0	0	0	0	0	0	0	0	0	0	0	0	18	0	0	0	0	0	0	0	7	28	0	0	0	0	0	0	5	0	0	0	0	3	0	0	0	0	23	0	3	4	0	2	0	0	0	0	0	2	0	0	1	2	0	1
ENSG00000198836	7	4	2	3	2	3	2	5	3	1	2	2	3	3	3	2	1	3	1	2	1	2	1	3	2	5	1	1	5	3	1	1	1	2	2	4	3	6	2	3	1	1	2	1	2	3	2	1	2	2	2	1	2	1	3	2	1	1	2	2	2	1	1	2	3	2	4	2	2	1	4	1	1	2	2	4	2	1	2	1	3	2	2	1	1	2	2	6	2	1	2	3	5	3	2	4	1	5
ENSG00000203883	7	6	5	3	1	2	1	0	9	4	4	2	2	0	3	0	15	2	1	4	9	16	7	9	10	14	11	6	14	14	6	7	12	4	7	13	23	4	14	9	4	14	3	18	8	13	6	13	5	18	12	19	8	5	25	14	9	10	5	16	15	10	14	20	10	18	25	5	11	3	25	20	11	11	25	36	21	11	24	13	28	14	5	4	12	7	9	4	4	6	13	14	2	2	4	3	3	4
ENSG00000204217	4	9	11	4	3	11	5	3	5	4	7	2	6	2	4	5	5	3	2	4	2	3	3	2	1	3	1	2	5	2	5	3	3	4	2	4	6	4	4	6	2	3	5	4	4	4	4	2	4	5	5	4	6	2	3	6	6	7	8	7	5	7	6	5	1	3	6	3	4	5	3	2	2	7	4	3	3	3	4	4	4	5	3	4	9	3	5	2	3	3	2	6	2	1	4	1	4	6
ENSG00000204370	4	4	1	5	1	3	3	0	5	4	3	3	8	3	3	3	7	7	4	2	3	4	2	3	2	5	3	3	3	3	4	2	2	10	5	4	11	3	6	12	3	2	4	3	4	2	3	2	3	5	3	3	4	2	7	2	4	3	3	2	3	4	3	3	4	4	3	5	3	2	11	2	3	2	4	9	4	4	3	4	4	3	2	3	3	2	4	4	4	5	3	3	9	5	8	2	6	7
ENSG00000215021	8	9	7	4	3	12	18	0	9	10	7	10	10	6	8	7	21	4	3	8	7	10	7	12	10	11	8	7	7	8	6	11	10	12	14	25	28	14	15	22	13	10	5	12	12	13	16	16	10	17	13	16	12	15	21	15	18	15	11	8	13	16	9	15	23	13	33	5	11	5	13	14	16	14	11	35	24	6	25	9	22	9	6	18	8	10	8	5	5	7	3	10	7	7	6	9	5	9
ENSG00000251322	7	1	0	0	1	2	2	0	4	4	0	1	2	0	0	1	4	0	1	0	0	0	1	0	0	0	0	0	0	0	0	0	0	1	10	5	5	2	2	3	0	11	0	6	7	11	7	6	7	11	4	5	0	3	10	4	0	2	1	6	6	5	7	4	3	12	19	1	3	1	14	7	7	3	11	22	5	5	8	3	3	14	1	0	2	1	0	1	1	0	4	0	0	1	0	0	0	0
ENSG00000256463	14	11	4	0	5	5	1	8	2	13	8	10	0	3	8	3	11	0	0	0	1	0	0	0	0	0	1	0	0	1	1	0	0	0	0	1	2	0	3	2	0	0	0	0	2	12	8	8	2	7	12	0	0	0	0	0	0	0	0	0	0	0	0	0	1	0	0	0	1	0	0	0	0	0	0	4	1	0	0	0	0	0	0	0	1	0	0	0	0	1	0	0	0	2	0	0	0	0
ENSG00000256525	9	7	6	11	6	15	7	8	5	9	6	9	5	7	5	7	8	5	3	6	8	7	3	9	4	10	7	7	9	8	5	5	3	4	15	15	17	4	5	21	6	3	8	6	3	4	4	5	5	7	8	3	4	8	7	9	2	2	6	3	4	3	3	7	3	2	6	6	6	4	6	5	2	4	4	6	4	4	6	6	5	3	2	9	3	3	4	7	3	3	3	4	17	7	7	9	6	8
ENSG00000273079	1	0	0	0	0	1	1	0	1	3	0	1	0	0	0	0	0	0	0	0	0	0	1	0	0	0	0	0	0	0	0	0	0	0	0	0	0	0	0	1	0	0	0	0	7	13	4	2	17	15	1	0	0	0	0	0	0	0	0	0	0	0	0	0	0	0	0	0	0	0	0	1	0	0	0	1	1	0	0	0	1	0	4	0	0	0	0	0	0	0	0	0	0	0	0	0	0	0
