ensemblID	E003	E004	E005	E006	E007	E017	E021	E022	E050	E055	E056	E059	E089	E090	E094	E097	E098	E100	E109
ENSG00000001617	6	5	10	12	8	11	7	7	0	9	7	8	0	8	9	6	8	8	10
ENSG00000001631	5	8	6	3	6	5	4	3	10	7	2	4	2	6	6	2	5	6	5
ENSG00000003756	12	7	18	23	11	15	14	14	12	9	10	12	22	19	18	10	18	11	17
ENSG00000003989	7	6	19	13	7	26	7	4	7	19	16	15	14	23	14	28	31	26	0
ENSG00000004142	13	6	18	18	9	14	10	15	11	11	11	8	12	13	20	8	23	5	10
ENSG00000004866	15	13	4	7	4	24	9	7	26	19	12	16	9	18	12	7	23	26	13
ENSG00000005339	7	3	10	9	8	6	6	8	10	1	3	7	12	10	11	9	12	5	6
ENSG00000005379	10	4	6	5	9	4	8	0	7	4	1	7	12	13	5	0	7	3	5
ENSG00000005381	0	0	0	0	0	0	0	0	0	6	6	0	0	0	0	0	0	2	0
ENSG00000005448	9	6	0	0	7	12	8	11	10	12	0	6	8	11	7	7	0	8	9
ENSG00000005513	10	0	9	3	11	6	8	0	0	8	11	12	15	12	13	8	7	4	2
ENSG00000006704	8	8	8	10	7	9	8	11	8	10	8	5	11	11	5	6	6	3	5
ENSG00000007168	13	5	11	19	12	22	7	15	7	17	14	14	17	16	14	15	15	12	12
ENSG00000007312	0	0	0	0	0	0	0	0	0	0	0	0	0	0	0	0	0	0	0
ENSG00000007314	0	0	0	0	0	0	0	0	0	0	0	0	0	0	0	0	0	0	0
ENSG00000007372	22	11	0	0	18	11	17	0	0	11	11	12	0	13	0	11	10	8	0
ENSG00000007376	21	0	15	25	21	16	12	28	19	0	15	24	32	31	19	16	28	9	10
ENSG00000008196	6	2	6	0	0	0	6	0	0	0	0	4	0	0	0	0	0	3	0
ENSG00000008282	40	30	32	31	26	29	31	31	22	29	24	19	28	37	21	21	21	16	13
ENSG00000008710	0	0	0	0	0	0	0	0	0	0	0	0	0	0	0	0	0	0	0
ENSG00000011143	20	6	20	10	13	10	15	23	17	7	7	17	11	12	8	4	9	4	6
ENSG00000012048	0	0	0	0	0	0	0	0	0	0	0	0	0	0	0	0	0	0	0
ENSG00000015520	0	0	0	0	0	0	0	0	0	0	0	0	0	0	0	0	0	0	0
ENSG00000017260	6	13	13	4	5	6	3	5	12	10	7	8	11	25	5	8	3	7	9
ENSG00000017427	0	0	0	0	0	0	0	0	0	0	0	0	7	13	0	18	0	10	0
ENSG00000018625	0	0	0	0	3	0	0	0	0	0	0	0	5	0	0	0	0	4	0
ENSG00000021488	0	0	0	0	0	0	0	0	0	0	0	0	0	0	0	0	0	0	0
ENSG00000021574	6	7	12	18	3	27	1	4	12	24	19	4	12	16	10	18	11	9	9
ENSG00000023330	2	3	2	3	1	2	0	8	3	0	2	9	3	3	2	1	2	4	0
ENSG00000026103	13	6	8	14	9	37	4	3	19	35	23	14	5	21	6	22	11	13	20
ENSG00000028277	0	0	0	0	0	0	0	0	0	0	0	0	0	0	0	0	0	0	0
ENSG00000030582	0	0	0	0	0	0	0	0	0	0	0	0	0	0	0	0	0	0	0
ENSG00000032444	12	4	28	19	11	16	14	16	21	12	12	15	20	22	20	20	30	10	17
ENSG00000034971	0	0	0	0	0	0	0	0	0	0	9	0	0	0	0	0	0	0	0
ENSG00000035115	13	6	20	27	11	22	11	18	8	24	20	13	26	24	10	14	13	4	6
ENSG00000040531	21	7	23	28	16	24	17	26	16	20	15	17	27	22	18	19	30	8	8
ENSG00000040608	11	3	9	19	8	10	5	17	10	8	10	11	18	0	9	11	12	7	5
ENSG00000043143	20	14	14	21	15	21	16	13	20	13	16	13	16	17	17	14	23	18	19
ENSG00000043355	24	22	16	11	16	11	20	4	0	11	6	12	0	0	7	11	8	9	13
ENSG00000046604	17	23	20	16	13	8	11	9	11	0	0	2	4	6	9	5	15	3	12
ENSG00000049167	13	6	8	3	2	2	4	10	12	4	1	3	2	2	5	2	6	1	7
ENSG00000049540	0	0	0	0	0	0	0	0	0	0	0	0	11	12	17	15	16	13	11
ENSG00000049541	21	13	23	25	19	34	19	31	22	29	24	18	33	33	15	21	22	16	12
ENSG00000049618	16	10	11	11	5	21	8	7	24	15	12	20	7	18	4	20	11	16	8
ENSG00000050820	16	11	28	29	21	26	11	23	0	24	20	31	30	36	16	20	31	15	17
ENSG00000052126	16	13	12	18	7	27	12	5	12	22	11	8	9	16	11	11	7	1	6
ENSG00000052850	14	2	0	0	0	0	8	2	0	1	2	1	11	12	1	2	1	5	1
ENSG00000053918	21	0	0	0	19	0	16	14	16	20	19	5	0	0	16	20	21	6	6
ENSG00000054598	14	12	22	27	12	36	13	14	0	26	23	15	23	26	14	11	18	13	17
ENSG00000055118	0	0	0	0	0	0	0	0	0	0	0	0	0	0	0	0	0	0	0
ENSG00000055950	20	11	20	21	20	17	14	27	16	18	17	21	23	24	14	17	12	11	11
ENSG00000056661	14	11	20	21	15	16	10	16	14	11	10	15	21	18	11	11	22	10	14
ENSG00000057294	4	4	8	2	3	1	2	3	5	0	2	4	2	3	1	1	3	1	2
ENSG00000058600	9	5	16	19	5	16	7	8	20	19	18	20	18	16	13	10	17	8	14
ENSG00000058673	26	16	31	27	26	30	27	21	25	26	28	28	25	35	21	22	30	21	24
ENSG00000059804	20	19	17	9	9	13	13	12	0	10	6	4	6	13	4	7	5	2	8
ENSG00000063046	0	3	1	5	1	3	1	1	7	4	1	6	2	4	1	1	2	2	4
ENSG00000063660	0	0	0	0	0	0	0	0	0	0	0	0	0	0	0	0	0	0	0
ENSG00000063854	9	1	13	15	8	9	5	12	10	4	4	9	10	9	12	7	12	4	12
ENSG00000064601	12	9	14	24	10	12	8	15	0	13	11	13	14	15	16	11	16	8	14
ENSG00000064932	4	0	21	25	11	23	11	10	4	6	4	16	8	7	21	14	24	13	15
ENSG00000066735	7	0	0	0	8	0	5	0	0	0	0	0	0	0	0	7	0	4	0
ENSG00000066926	21	17	15	22	16	10	18	9	14	12	13	11	12	12	10	8	12	10	10
ENSG00000066933	18	6	19	26	10	35	11	16	10	32	36	8	24	31	13	15	23	10	15
ENSG00000067082	24	21	33	41	20	50	7	16	27	40	39	38	33	50	13	28	25	22	27
ENSG00000067955	21	7	31	40	22	31	16	23	32	27	28	27	35	30	31	26	33	20	23
ENSG00000068028	23	12	28	35	23	28	16	0	0	19	16	25	37	35	32	20	35	20	16
ENSG00000068078	7	2	8	11	8	8	5	0	9	9	9	11	0	13	7	5	13	4	2
ENSG00000068793	12	7	20	28	6	22	9	18	10	19	13	18	11	17	16	13	27	13	8
ENSG00000069011	10	8	8	0	11	24	9	12	0	22	23	7	21	21	15	10	0	14	16
ENSG00000069424	17	12	19	6	19	3	11	11	10	3	5	27	39	28	13	12	14	0	4
ENSG00000070193	5	6	3	0	3	9	0	2	0	7	4	1	0	4	4	3	2	3	0
ENSG00000070413	12	3	16	17	11	12	11	12	10	3	4	5	14	16	15	7	9	9	10
ENSG00000070444	13	6	13	19	10	24	8	15	6	17	16	15	17	15	16	16	18	16	11
ENSG00000070814	5	4	9	9	6	8	4	5	0	9	8	6	7	7	3	4	3	0	3
ENSG00000071894	0	0	0	0	0	0	0	0	0	0	0	0	0	0	0	0	0	0	0
ENSG00000072071	19	3	25	33	12	26	11	27	26	20	18	16	28	28	18	8	20	13	15
ENSG00000072182	0	0	0	8	0	0	0	0	0	6	5	0	0	0	0	0	0	0	0
ENSG00000072195	20	7	13	15	8	12	14	13	0	14	12	13	13	20	8	10	11	13	5
ENSG00000072274	14	3	16	19	12	18	15	22	20	12	15	13	22	27	12	15	14	9	12
ENSG00000072694	0	0	0	0	0	0	0	0	0	0	0	0	0	0	0	0	0	0	0
ENSG00000073350	10	5	13	16	7	10	6	10	6	8	14	8	0	12	14	5	16	3	8
ENSG00000074047	0	0	0	0	0	0	0	0	0	0	0	0	0	0	0	0	0	0	0
ENSG00000074071	4	0	10	11	3	6	3	0	4	1	6	10	10	8	7	5	7	2	8
ENSG00000075043	2	1	6	0	6	0	2	1	3	0	0	0	0	6	0	6	7	4	0
ENSG00000075399	10	6	16	23	10	19	6	15	18	13	11	18	25	18	13	13	17	9	18
ENSG00000075711	9	4	16	14	11	10	6	12	5	13	14	8	16	16	8	6	10	5	6
ENSG00000075891	4	4	4	6	0	4	3	5	0	0	6	0	0	0	0	6	0	2	0
ENSG00000076242	2	4	9	8	0	21	1	1	14	21	20	10	3	10	8	13	7	14	11
ENSG00000076864	29	3	27	29	21	24	21	27	0	34	29	20	0	11	27	21	26	15	0
ENSG00000076928	13	3	11	16	8	9	7	23	18	13	13	14	25	15	18	4	14	3	14
ENSG00000077238	14	7	20	27	8	28	8	0	24	29	21	9	19	23	17	8	17	7	17
ENSG00000077782	24	14	28	30	19	32	23	26	0	28	27	25	29	35	12	26	27	13	19
ENSG00000077800	0	0	0	0	0	0	0	0	0	0	0	0	0	0	0	0	0	0	0
ENSG00000077809	24	14	30	27	18	34	21	35	23	32	26	21	33	33	20	20	28	14	14
ENSG00000077935	0	0	0	0	0	0	0	0	0	0	0	0	0	0	0	0	0	0	0
ENSG00000077942	8	4	21	24	5	19	6	18	0	13	11	16	20	17	16	13	18	11	14
ENSG00000078900	0	0	0	0	0	0	0	0	0	0	0	0	0	0	0	0	0	0	0
ENSG00000079246	4	3	7	11	8	11	3	5	4	8	7	2	9	10	6	8	8	4	5
ENSG00000079432	23	4	23	30	21	21	19	26	19	16	14	18	25	28	24	11	28	13	24
ENSG00000079435	0	0	0	0	0	0	0	0	0	0	0	0	0	0	0	0	0	0	0
ENSG00000079462	21	4	24	32	23	19	25	31	20	20	15	17	26	26	20	10	27	11	16
ENSG00000080608	18	23	18	11	12	19	12	12	8	16	7	9	10	25	13	25	20	13	8
ENSG00000080910	0	0	0	0	0	0	0	0	0	0	0	0	0	0	0	0	0	0	0
ENSG00000081189	15	10	14	6	7	7	8	0	20	16	8	8	3	14	2	10	3	10	7
ENSG00000081692	0	0	0	0	0	0	0	0	0	0	0	0	0	0	0	0	0	0	0
ENSG00000083807	0	0	0	0	0	0	0	0	0	0	0	0	0	0	0	0	0	0	0
ENSG00000083812	0	0	0	0	0	0	0	0	0	0	0	0	0	0	0	0	0	0	0
ENSG00000083828	0	0	0	0	0	0	0	0	0	0	0	0	0	0	0	0	0	0	0
ENSG00000083838	0	0	0	0	0	0	0	0	0	0	0	0	0	0	0	0	0	0	0
ENSG00000083845	2	6	14	15	8	4	2	6	7	0	0	3	9	14	12	9	16	2	17
ENSG00000084734	8	5	9	10	7	14	3	8	0	15	8	3	10	11	14	8	17	2	10
ENSG00000085552	9	10	10	0	10	8	9	11	0	0	0	0	0	11	13	5	0	0	8
ENSG00000086504	0	0	0	0	0	0	0	0	0	0	0	0	0	0	0	0	0	0	0
ENSG00000086506	0	0	0	0	0	0	0	0	0	0	0	0	0	0	0	0	0	0	0
ENSG00000087191	11	7	17	19	9	14	7	13	14	17	20	11	15	13	11	7	13	4	3
ENSG00000087266	16	11	19	28	18	28	18	0	10	7	16	21	10	11	32	13	30	24	26
ENSG00000087460	27	14	22	19	30	26	19	22	22	18	15	26	44	50	18	17	25	15	14
ENSG00000088038	19	9	26	20	13	12	9	17	23	15	12	12	22	23	15	7	15	7	7
ENSG00000088827	0	0	1	2	0	1	0	1	2	1	1	1	1	1	1	1	1	3	1
ENSG00000089060	12	9	14	18	16	14	15	18	0	17	17	13	17	16	11	12	13	13	6
ENSG00000089225	0	0	0	1	0	16	0	9	0	18	13	0	16	8	0	1	0	3	0
ENSG00000090402	0	0	0	0	0	0	0	0	0	0	0	0	0	0	0	0	0	0	0
ENSG00000090975	0	0	0	0	0	0	0	0	0	0	0	0	0	0	0	0	0	0	0
ENSG00000091262	0	0	0	0	0	1	0	0	0	0	0	0	0	0	0	0	5	0	0
ENSG00000091704	0	0	0	0	0	0	0	0	0	0	0	0	0	0	4	0	10	0	0
ENSG00000093010	23	9	23	22	0	22	0	22	16	14	14	12	23	24	22	13	22	14	14
ENSG00000094914	12	15	19	29	19	20	13	18	14	11	13	13	19	18	16	17	20	9	15
ENSG00000095002	18	11	18	15	19	15	13	17	9	10	10	8	13	8	8	9	8	5	7
ENSG00000095539	27	15	19	17	15	0	14	20	0	10	24	27	22	20	15	17	17	7	12
ENSG00000095752	8	4	10	12	5	11	10	0	0	6	4	10	0	0	0	10	0	6	0
ENSG00000095906	9	2	13	16	9	10	7	12	8	9	10	12	16	14	13	7	13	3	9
ENSG00000096401	0	2	2	2	0	0	0	0	1	1	1	3	0	2	5	1	4	2	3
ENSG00000096696	10	9	23	19	11	17	8	8	0	5	1	1	0	6	11	5	16	1	5
ENSG00000099326	4	7	15	21	9	6	5	9	7	0	1	2	10	14	15	12	16	4	20
ENSG00000099769	0	0	0	0	0	0	0	0	0	0	0	0	0	0	0	0	0	0	0
ENSG00000099889	2	2	6	6	5	11	9	3	4	2	6	6	5	4	13	10	5	7	9
ENSG00000099917	13	6	31	36	18	33	13	20	16	21	18	22	28	24	23	19	26	19	14
ENSG00000099949	9	4	18	16	10	16	5	12	0	21	18	10	15	13	12	10	15	16	8
ENSG00000099956	13	10	20	20	15	18	10	18	14	15	12	7	22	23	14	11	17	5	10
ENSG00000100033	0	0	0	0	0	0	0	0	0	0	0	0	0	0	0	0	0	0	0
ENSG00000100038	0	0	0	0	0	0	0	0	0	0	0	0	0	0	0	0	0	0	0
ENSG00000100068	11	8	15	14	8	7	9	11	10	5	6	9	19	21	12	12	16	10	15
ENSG00000100084	14	5	13	16	15	12	13	17	10	11	5	7	15	15	14	11	15	8	12
ENSG00000100146	2	0	0	0	1	0	2	0	0	0	0	17	0	3	0	0	0	0	0
ENSG00000100300	6	1	8	0	2	7	4	0	0	11	10	7	9	12	14	4	0	1	2
ENSG00000100304	8	1	15	15	6	6	6	16	15	10	9	14	13	16	14	5	10	1	2
ENSG00000100314	6	0	0	0	0	5	4	6	0	7	4	0	0	0	0	4	0	2	0
ENSG00000100319	12	7	19	23	8	14	8	13	10	18	19	10	23	22	14	12	17	7	7
ENSG00000100345	29	15	35	43	21	41	20	31	31	42	0	31	39	43	27	29	32	26	22
ENSG00000100393	18	12	27	30	17	32	16	19	23	21	20	24	20	27	20	14	23	15	17
ENSG00000100401	12	1	9	9	7	30	15	21	14	21	22	24	22	24	16	16	22	14	15
ENSG00000100403	4	0	4	6	3	5	5	6	4	4	4	5	6	5	5	4	6	4	5
ENSG00000100410	14	8	22	25	13	24	15	18	21	21	18	19	18	23	18	13	21	14	15
ENSG00000100412	14	8	22	25	13	24	15	18	21	21	18	19	18	23	18	13	21	14	15
ENSG00000100413	0	0	0	0	0	0	0	0	0	0	0	0	0	0	0	0	0	0	0
ENSG00000100417	5	3	8	11	7	10	5	11	5	18	15	12	12	12	7	14	12	3	2
ENSG00000100473	4	3	0	0	1	6	1	0	0	1	2	2	1	1	2	1	2	1	3
ENSG00000100605	29	3	14	32	22	27	22	45	26	34	37	45	43	46	42	30	46	23	27
ENSG00000100767	18	12	0	30	14	0	15	22	0	0	3	20	0	0	12	17	0	15	23
ENSG00000100884	0	0	0	0	0	0	0	0	0	0	0	0	0	0	0	0	0	0	0
ENSG00000100979	13	9	0	0	11	0	10	11	0	16	15	14	5	0	9	15	0	11	13
ENSG00000100982	17	14	21	31	14	20	17	24	20	18	19	18	21	23	22	17	27	9	21
ENSG00000101076	0	0	0	0	0	0	0	0	0	0	0	0	0	0	19	0	22	0	13
ENSG00000101115	16	8	7	16	11	0	8	14	0	17	2	8	0	0	5	7	11	2	0
ENSG00000101146	19	5	15	15	18	6	15	25	0	6	8	9	25	17	7	3	8	1	1
ENSG00000101197	0	0	0	0	0	0	0	0	0	0	6	0	0	0	0	0	0	0	0
ENSG00000101292	5	2	1	2	8	1	3	9	2	1	1	1	1	1	1	1	1	3	1
ENSG00000101384	32	31	37	36	37	51	23	19	14	40	27	22	24	40	16	23	28	24	19
ENSG00000102854	0	0	0	0	0	0	0	0	0	0	0	0	0	0	0	0	0	0	0
ENSG00000102974	22	13	31	40	18	25	16	31	28	22	20	25	36	36	30	24	34	24	22
ENSG00000103024	7	0	14	16	4	9	5	0	8	1	6	14	15	12	10	7	12	4	8
ENSG00000103043	16	11	29	20	18	21	19	22	19	21	18	17	27	25	14	14	16	14	10
ENSG00000103089	14	0	14	0	9	18	11	15	0	0	11	11	0	0	16	5	15	12	13
ENSG00000103154	5	0	6	0	3	9	7	0	0	5	0	0	0	0	0	7	0	0	0
ENSG00000103197	0	0	0	0	0	0	0	0	0	0	0	0	0	0	0	0	0	0	0
ENSG00000103241	17	5	0	10	11	32	14	21	0	15	19	0	0	0	2	7	8	3	1
ENSG00000103245	14	0	12	24	16	13	7	17	13	13	10	15	25	21	12	9	19	5	7
ENSG00000103253	19	0	15	0	20	15	10	0	13	14	13	21	16	15	14	11	14	7	8
ENSG00000103254	23	0	15	0	21	14	11	0	0	12	10	21	27	22	15	14	24	7	7
ENSG00000103260	21	0	13	0	20	14	10	0	0	13	9	21	27	22	14	11	19	6	7
ENSG00000103266	3	1	0	10	2	0	3	0	0	0	0	0	0	0	0	0	0	1	3
ENSG00000103269	0	0	0	0	0	0	0	0	0	0	0	0	0	0	0	0	0	0	0
ENSG00000103319	7	3	9	10	4	8	3	3	12	8	10	5	9	12	9	5	10	4	9
ENSG00000103335	10	3	13	15	9	13	11	12	14	7	6	13	17	13	13	11	16	5	13
ENSG00000103449	22	19	9	13	17	16	14	16	0	11	8	5	11	12	6	5	7	2	1
ENSG00000103591	29	22	44	42	34	49	18	31	29	50	43	29	42	47	41	41	42	39	38
ENSG00000104313	15	12	12	8	7	2	8	6	0	3	0	4	8	10	1	0	0	1	0
ENSG00000104447	9	11	7	4	3	8	4	0	14	14	5	6	4	13	2	8	3	7	7
ENSG00000104518	0	0	0	0	0	0	0	0	0	0	0	0	0	0	0	0	0	0	0
ENSG00000104522	0	0	0	0	0	0	0	0	0	0	0	0	0	0	0	0	0	0	0
ENSG00000104524	0	0	0	0	0	0	0	0	0	0	0	0	0	0	0	0	0	0	0
ENSG00000104529	1	1	5	5	5	4	1	3	6	2	0	4	5	5	4	4	4	0	6
ENSG00000104687	5	2	13	14	4	15	2	5	0	12	7	9	5	10	10	15	13	6	12
ENSG00000104884	0	0	0	0	0	0	0	0	0	0	0	0	0	0	0	0	0	0	0
ENSG00000104936	20	0	0	0	17	0	0	21	0	5	11	19	16	0	13	14	15	6	10
ENSG00000105329	17	9	21	30	14	20	13	23	25	15	12	13	19	22	20	16	18	8	12
ENSG00000105369	0	0	0	0	0	0	0	0	0	2	3	4	0	0	0	0	0	0	0
ENSG00000105372	16	4	12	21	8	13	10	31	29	18	17	20	26	19	26	3	20	3	14
ENSG00000105392	0	0	0	0	0	0	0	0	0	0	0	0	0	0	0	0	0	0	0
ENSG00000105393	12	5	16	21	12	20	9	18	18	15	16	14	22	21	14	11	20	6	13
ENSG00000105404	12	4	10	16	7	12	7	19	0	14	11	14	22	13	18	3	16	2	11
ENSG00000105409	15	0	0	0	15	11	17	18	0	11	8	10	0	0	12	7	0	11	12
ENSG00000105427	0	0	0	0	0	0	0	0	0	0	0	0	0	0	0	0	0	0	0
ENSG00000105428	0	0	0	0	0	0	0	0	0	0	0	0	0	0	0	0	0	0	0
ENSG00000105429	26	3	21	30	23	21	25	30	20	20	14	18	26	25	19	10	24	12	15
ENSG00000105617	11	7	18	15	8	8	9	17	15	13	7	8	14	13	9	8	10	6	7
ENSG00000105618	14	6	16	13	10	8	7	9	13	9	6	8	16	17	12	6	11	7	8
ENSG00000105619	14	6	16	13	10	8	7	9	13	9	6	8	16	17	12	6	11	7	8
ENSG00000105722	17	4	21	30	18	18	11	22	21	13	7	15	26	27	21	11	21	12	19
ENSG00000105723	30	5	28	40	24	26	26	36	25	25	20	26	29	37	27	12	34	15	23
ENSG00000105732	30	6	25	37	25	25	28	26	24	25	16	25	31	31	24	13	28	15	22
ENSG00000105737	11	1	0	0	12	0	14	12	0	0	6	0	0	13	0	3	10	0	0
ENSG00000105974	12	15	15	15	8	38	7	2	9	37	28	25	6	21	11	17	15	17	16
ENSG00000106571	23	13	20	18	26	20	11	15	10	29	14	18	15	21	9	23	8	10	5
ENSG00000106633	0	0	0	0	0	0	0	0	0	0	0	0	0	0	0	0	0	0	0
ENSG00000106683	0	0	0	0	0	0	0	0	0	0	15	2	0	0	2	5	2	3	3
ENSG00000106714	0	0	0	0	0	0	0	0	0	0	0	0	0	0	0	0	0	0	0
ENSG00000106991	0	0	0	21	0	22	0	0	0	15	13	0	25	26	18	22	20	17	13
ENSG00000106992	9	5	0	17	7	0	12	0	0	0	0	15	21	20	8	14	16	7	0
ENSG00000107014	0	0	0	0	0	0	0	0	0	0	0	0	0	0	0	0	0	0	0
ENSG00000107104	18	22	34	25	9	28	14	13	21	19	14	23	19	35	17	26	34	26	14
ENSG00000107130	24	6	28	23	10	28	18	33	14	27	30	29	38	36	5	17	9	6	0
ENSG00000107147	0	0	0	0	0	0	0	0	0	0	0	0	0	0	0	0	0	0	0
ENSG00000107262	10	2	18	18	8	22	9	15	11	19	26	11	19	27	13	8	20	10	10
ENSG00000107485	26	18	24	0	11	10	21	10	0	6	3	6	0	0	13	7	0	7	9
ENSG00000107521	0	0	0	0	0	0	0	0	0	0	0	0	0	0	0	0	0	0	0
ENSG00000107560	6	4	10	14	5	7	6	9	10	11	13	11	14	14	9	7	11	3	9
ENSG00000107779	24	20	22	19	19	26	19	27	16	25	19	17	24	31	22	22	27	23	13
ENSG00000107815	20	11	20	21	20	17	14	27	16	18	17	21	23	24	14	17	12	11	11
ENSG00000107816	31	18	27	34	25	25	18	33	27	26	25	33	31	35	21	27	19	14	14
ENSG00000107831	0	0	0	0	0	0	0	0	0	0	0	0	0	0	0	0	0	0	0
ENSG00000107859	15	6	16	23	21	18	16	14	16	7	8	16	19	21	17	18	13	13	14
ENSG00000107902	0	0	0	0	0	0	0	0	0	0	0	0	0	0	0	0	0	0	0
ENSG00000108278	0	0	0	0	0	0	0	0	0	0	0	0	0	0	0	0	0	0	0
ENSG00000108469	4	4	9	9	10	4	6	6	9	4	2	2	8	10	4	5	7	2	11
ENSG00000108479	0	0	0	0	0	0	0	0	0	0	0	0	0	0	0	0	0	0	0
ENSG00000108557	16	10	27	29	23	27	14	0	18	17	15	18	23	24	23	16	22	15	17
ENSG00000108592	11	7	17	19	9	14	7	13	14	17	20	11	15	13	11	7	13	4	3
ENSG00000108604	13	8	22	19	17	18	9	19	14	16	17	13	12	16	13	8	12	4	9
ENSG00000108622	0	0	0	0	0	0	0	0	0	0	22	0	0	28	18	0	0	18	14
ENSG00000108753	11	10	0	21	0	10	10	0	0	0	10	0	0	0	14	2	17	5	16
ENSG00000108821	21	11	25	30	21	25	18	23	0	21	0	17	26	29	15	28	19	13	12
ENSG00000108826	7	2	13	15	4	11	7	15	9	9	11	16	15	16	13	7	14	14	11
ENSG00000108883	5	6	10	11	8	9	8	8	0	8	8	6	9	11	5	8	8	4	3
ENSG00000108946	8	10	15	9	6	20	3	0	15	30	19	17	19	42	12	27	9	12	7
ENSG00000108953	22	3	23	29	16	24	11	22	30	23	22	17	31	30	15	17	22	21	15
ENSG00000109062	25	11	25	35	20	8	26	29	27	15	11	15	40	29	31	18	29	18	14
ENSG00000109072	15	6	0	0	10	17	10	0	13	0	16	12	15	15	23	10	0	6	12
ENSG00000109079	16	6	21	21	10	18	13	21	14	17	16	10	18	13	24	10	27	6	13
ENSG00000109083	16	6	21	21	10	18	13	21	14	17	16	10	18	13	24	10	27	6	13
ENSG00000109084	10	9	14	11	7	13	9	11	0	5	3	7	14	13	8	10	9	3	9
ENSG00000109099	12	9	24	22	6	35	6	10	0	30	22	23	26	32	7	26	10	22	15
ENSG00000109132	0	4	0	0	0	0	12	0	0	9	0	0	0	0	3	0	0	3	0
ENSG00000109133	24	10	18	19	23	8	19	19	20	9	11	13	20	22	11	9	16	11	4
ENSG00000109205	0	0	0	0	0	0	0	0	0	0	0	0	0	0	0	0	0	0	0
ENSG00000109208	0	0	0	0	0	0	0	0	0	0	0	0	0	0	0	0	0	0	0
ENSG00000109339	12	0	0	0	11	8	0	0	0	0	4	3	2	0	3	10	0	3	0
ENSG00000109536	0	15	0	12	0	22	10	0	3	12	8	15	11	13	5	8	6	2	4
ENSG00000109670	22	34	17	22	5	31	14	16	12	24	14	17	20	35	10	12	9	19	17
ENSG00000109758	0	0	0	0	0	0	0	0	0	0	0	0	0	0	0	0	0	0	0
ENSG00000110218	17	20	14	12	8	20	13	18	10	17	12	15	11	14	15	7	17	9	11
ENSG00000110713	10	13	18	20	6	14	7	20	17	14	15	11	9	7	10	8	8	8	4
ENSG00000111046	17	12	0	9	4	0	7	1	0	0	0	0	2	7	0	0	0	11	0
ENSG00000111077	12	15	10	24	16	16	11	12	10	7	7	5	11	10	18	17	18	13	16
ENSG00000111196	9	8	11	10	5	11	6	6	15	11	9	6	4	9	4	2	9	10	6
ENSG00000111276	12	14	7	6	10	16	11	6	11	11	7	14	9	17	9	5	18	13	21
ENSG00000111325	12	7	24	26	8	22	10	18	22	24	22	21	27	27	22	13	26	21	20
ENSG00000111344	15	0	0	0	0	0	8	13	0	0	0	0	0	0	7	0	7	0	2
ENSG00000111700	0	0	0	0	0	0	0	0	0	0	0	0	0	0	0	0	0	0	0
ENSG00000112164	22	14	0	0	16	0	18	26	0	3	2	0	0	0	18	0	23	2	0
ENSG00000112246	12	7	0	0	10	0	18	16	0	15	11	12	13	7	0	0	16	8	0
ENSG00000112319	5	2	5	7	8	9	4	1	0	6	4	3	3	10	4	2	4	8	0
ENSG00000112494	0	0	0	0	0	0	0	0	0	0	0	0	0	0	0	0	0	0	0
ENSG00000112902	8	7	19	19	10	19	4	7	0	20	17	14	10	13	2	5	5	0	2
ENSG00000113522	7	2	14	15	7	14	8	9	0	7	8	9	12	14	13	7	12	5	12
ENSG00000113658	12	11	30	26	5	27	11	13	9	20	21	13	28	35	8	14	11	14	16
ENSG00000113758	18	10	24	33	18	24	14	21	13	20	15	19	27	28	24	16	25	15	16
ENSG00000114062	6	4	3	0	2	4	2	3	3	7	3	0	2	4	1	1	4	11	5
ENSG00000114349	0	0	0	0	0	0	0	0	0	0	0	0	0	0	0	0	0	0	0
ENSG00000114353	3	1	5	4	2	4	2	3	2	3	3	4	3	5	3	1	3	2	1
ENSG00000114654	3	3	2	0	10	12	6	0	12	2	2	0	11	11	1	9	2	1	9
ENSG00000114771	0	0	0	0	0	0	0	0	0	0	0	0	0	0	0	0	0	0	0
ENSG00000114779	10	8	9	12	11	9	10	8	0	7	9	14	9	10	9	5	11	6	8
ENSG00000114786	8	7	9	8	11	8	10	10	0	6	9	13	10	10	9	5	11	5	7
ENSG00000114861	28	25	17	27	21	43	26	15	30	32	11	7	14	28	28	25	29	30	28
ENSG00000114993	13	8	17	17	12	15	12	18	0	0	13	9	0	21	17	13	22	11	14
ENSG00000115274	3	3	4	4	4	3	2	2	6	1	2	5	6	6	4	1	5	5	6
ENSG00000115275	12	4	12	23	12	20	12	13	14	11	8	12	16	15	11	8	16	9	11
ENSG00000115282	13	4	15	20	10	22	10	15	18	14	11	15	16	18	13	9	17	8	14
ENSG00000115289	11	4	12	16	9	14	9	11	0	12	9	13	14	14	12	8	16	9	13
ENSG00000115297	5	0	0	1	0	0	6	0	0	9	7	10	0	0	0	0	0	0	1
ENSG00000115307	16	6	16	25	12	24	12	18	22	15	9	19	19	21	17	12	21	11	18
ENSG00000115317	16	6	16	25	12	24	12	18	22	15	9	19	19	21	17	12	21	11	18
ENSG00000115694	3	1	4	10	5	5	4	6	5	3	0	7	6	8	6	5	6	5	6
ENSG00000115738	12	11	29	28	29	22	13	20	26	19	18	18	27	28	6	23	21	12	14
ENSG00000116030	4	2	1	2	0	2	3	3	4	1	0	0	4	1	0	2	4	6	2
ENSG00000116062	14	9	16	13	15	13	11	16	8	9	12	7	11	9	6	10	7	3	6
ENSG00000116096	8	6	0	8	10	10	8	11	0	5	0	7	13	17	11	7	11	5	7
ENSG00000116254	18	0	0	0	9	8	14	0	0	13	16	17	0	0	0	7	0	5	0
ENSG00000116785	0	0	0	0	0	0	0	0	0	0	0	0	0	0	0	0	0	0	0
ENSG00000116833	9	8	0	3	6	9	6	1	0	8	11	3	1	3	4	1	7	5	3
ENSG00000117013	17	0	0	17	14	20	13	16	13	20	20	21	0	21	12	13	24	18	10
ENSG00000117118	21	7	27	38	22	24	19	32	33	22	24	26	27	26	9	13	15	11	4
ENSG00000117281	0	0	0	0	0	0	0	0	0	0	0	0	0	0	0	0	0	0	0
ENSG00000117394	27	19	23	26	24	20	13	25	0	20	18	16	21	21	17	7	16	6	9
ENSG00000117595	9	12	18	0	0	14	9	10	0	0	0	9	14	0	3	0	14	0	9
ENSG00000117707	17	12	15	8	17	6	11	12	0	5	2	5	15	18	10	12	14	10	2
ENSG00000118007	10	14	14	28	10	27	8	5	15	22	20	12	4	14	11	14	18	16	15
ENSG00000118046	13	2	20	21	9	21	12	20	19	4	7	13	11	22	17	13	22	10	14
ENSG00000118369	15	16	29	15	13	24	8	12	29	24	17	30	16	25	13	31	19	16	24
ENSG00000118402	3	5	5	3	1	12	2	2	0	10	10	3	1	8	6	9	0	3	6
ENSG00000118762	9	10	4	9	4	7	5	2	8	9	7	8	1	5	2	4	7	3	2
ENSG00000119042	14	6	9	11	7	13	14	8	0	19	12	8	13	13	4	12	7	6	3
ENSG00000119408	16	4	29	31	19	28	10	24	21	25	26	26	26	27	23	17	25	15	19
ENSG00000119574	0	0	0	0	0	0	0	0	0	0	0	0	0	0	0	0	0	0	0
ENSG00000119943	0	6	0	0	0	0	2	0	0	0	0	14	0	0	7	9	0	7	10
ENSG00000120071	27	22	13	26	17	27	14	24	23	25	12	20	21	26	16	20	25	25	16
ENSG00000120149	24	21	30	0	18	20	18	21	8	5	2	7	12	16	10	2	11	7	0
ENSG00000120440	0	0	0	0	0	0	0	0	0	0	0	0	0	0	0	0	0	0	0
ENSG00000120738	9	4	9	11	13	15	6	9	11	17	15	9	12	11	12	6	12	7	13
ENSG00000120910	28	18	35	36	28	34	23	32	22	30	20	25	35	33	23	28	33	22	25
ENSG00000121022	8	8	14	16	9	15	16	13	17	14	12	8	13	18	6	12	12	9	19
ENSG00000121053	0	0	0	0	0	0	0	0	0	0	0	0	0	0	0	0	0	0	0
ENSG00000121410	0	0	0	0	0	0	0	0	0	0	0	0	0	0	0	0	0	0	0
ENSG00000121454	5	5	4	8	5	4	4	6	0	5	7	3	4	3	8	5	6	5	0
ENSG00000121653	15	9	16	21	15	17	16	17	10	13	15	13	15	17	16	13	19	8	10
ENSG00000121680	25	15	23	27	25	28	26	29	18	20	26	16	21	26	24	19	27	11	18
ENSG00000121774	20	12	31	34	20	27	15	24	20	25	21	22	32	33	18	17	24	13	15
ENSG00000121848	8	7	10	12	9	9	3	4	11	9	7	8	4	9	5	3	9	7	8
ENSG00000121900	7	5	24	16	11	15	7	0	0	20	21	26	13	19	20	11	19	18	17
ENSG00000121905	0	0	0	0	0	0	0	0	0	0	0	0	0	0	0	0	0	0	0
ENSG00000122304	0	0	0	0	0	0	0	0	0	0	0	0	0	0	0	0	0	0	0
ENSG00000122512	5	5	10	10	4	14	1	5	14	10	12	7	11	15	7	9	9	13	9
ENSG00000122691	6	4	5	6	4	8	6	4	12	11	7	6	3	4	3	1	6	4	2
ENSG00000123064	5	2	5	10	3	8	1	11	3	10	11	5	7	7	3	4	4	5	2
ENSG00000123066	21	13	30	26	18	28	14	20	24	30	28	15	27	29	19	21	22	13	18
ENSG00000123080	8	7	11	17	7	12	5	13	18	13	12	11	13	14	14	21	18	13	15
ENSG00000123349	20	23	27	40	25	30	17	28	23	20	23	18	27	29	23	23	27	15	19
ENSG00000123500	0	0	0	0	0	0	0	0	0	0	0	0	0	0	0	0	0	0	0
ENSG00000123989	22	8	20	33	18	21	21	31	0	24	20	20	25	27	12	20	21	12	8
ENSG00000124006	17	5	23	17	11	16	8	12	6	13	19	11	17	19	4	22	11	5	3
ENSG00000124089	0	0	0	0	0	0	0	0	0	0	0	0	0	0	0	0	0	0	0
ENSG00000124205	7	0	0	0	12	0	9	7	0	0	0	0	13	17	0	0	14	6	0
ENSG00000124257	12	9	14	24	10	12	8	15	0	13	11	13	14	15	16	11	16	8	14
ENSG00000124467	0	0	0	0	0	0	0	0	0	0	0	0	0	0	0	0	0	0	0
ENSG00000124664	0	0	0	0	0	0	0	0	0	0	0	0	0	0	0	0	0	0	0
ENSG00000124802	15	9	12	11	8	11	14	12	11	9	7	7	9	7	4	9	5	3	6
ENSG00000124813	11	15	12	16	12	19	8	11	12	18	18	7	0	12	6	9	5	8	5
ENSG00000125378	15	19	21	21	17	37	9	11	11	35	32	7	11	26	3	16	9	3	12
ENSG00000125398	26	12	27	34	22	36	18	22	0	34	27	17	2	25	17	0	26	3	15
ENSG00000125498	0	0	0	0	0	0	0	0	0	0	0	0	0	0	0	0	0	0	0
ENSG00000125508	0	0	0	0	0	0	0	0	0	0	0	0	0	0	0	0	0	0	0
ENSG00000125531	7	3	0	0	10	9	7	6	0	4	0	8	0	0	8	5	0	3	0
ENSG00000125551	0	0	0	0	0	0	0	0	0	0	0	0	0	0	0	0	0	0	0
ENSG00000125618	2	0	1	2	2	0	2	0	0	0	0	0	0	0	0	0	0	0	0
ENSG00000125731	15	5	18	0	10	0	10	16	14	0	6	7	0	20	14	0	15	7	8
ENSG00000125788	0	0	1	2	0	1	0	1	2	1	1	1	1	1	1	1	1	3	1
ENSG00000125813	10	0	0	0	0	0	0	0	0	0	0	0	0	7	0	0	0	1	0
ENSG00000125844	18	9	19	34	13	29	17	16	16	30	28	17	33	36	31	28	41	18	21
ENSG00000125861	0	0	1	2	0	1	0	1	2	1	1	1	1	1	1	1	1	3	1
ENSG00000125965	15	9	32	34	12	36	13	16	18	35	34	17	30	33	20	18	29	25	17
ENSG00000126246	14	5	34	30	15	21	13	21	11	15	3	18	14	36	25	18	32	10	17
ENSG00000126561	0	0	0	0	0	0	0	0	0	0	0	0	0	0	0	0	0	0	0
ENSG00000126581	0	0	0	0	0	0	0	0	0	0	0	0	0	0	0	0	0	0	0
ENSG00000127152	15	12	10	2	6	1	12	12	0	0	1	8	11	14	0	1	8	1	2
ENSG00000127220	19	10	29	31	22	19	14	28	24	22	17	24	0	26	20	18	28	17	14
ENSG00000127399	0	0	0	0	0	0	9	16	0	11	8	13	5	17	14	7	15	8	7
ENSG00000127412	0	0	0	0	0	0	0	0	0	0	0	0	0	0	0	0	0	0	0
ENSG00000127578	0	0	0	0	13	0	16	0	0	0	0	20	0	0	0	0	0	0	0
ENSG00000127580	22	0	12	21	16	12	12	27	14	15	14	13	21	0	13	15	17	7	7
ENSG00000127585	21	0	0	0	9	0	14	26	0	12	11	9	0	0	0	3	0	7	0
ENSG00000127586	21	0	15	25	21	16	12	28	19	0	15	24	32	31	19	16	28	9	10
ENSG00000127588	0	0	0	0	0	0	0	0	0	0	0	0	0	0	0	0	0	0	0
ENSG00000127922	13	17	18	11	8	5	7	8	16	7	4	13	6	11	14	19	17	15	10
ENSG00000127990	9	9	8	9	11	13	2	1	8	18	13	14	11	22	7	14	8	13	9
ENSG00000128524	5	4	7	7	4	5	5	4	0	3	4	5	5	7	8	4	7	4	7
ENSG00000128573	13	12	6	7	7	16	7	3	0	17	10	6	2	11	4	6	3	6	6
ENSG00000128591	16	13	27	26	17	23	20	9	0	13	17	15	23	29	21	16	0	25	20
ENSG00000128713	0	8	18	0	0	2	4	0	0	6	4	0	0	20	0	4	0	9	0
ENSG00000128714	17	11	0	0	4	5	15	11	0	7	6	14	0	0	0	8	11	13	4
ENSG00000128917	0	0	1	0	3	4	2	4	0	2	2	4	0	1	1	3	2	3	0
ENSG00000128918	7	2	3	0	3	0	3	3	0	9	0	1	7	10	7	13	0	3	4
ENSG00000129159	6	2	10	0	15	11	8	15	5	12	12	7	0	20	8	5	10	17	0
ENSG00000129757	25	5	32	35	20	26	17	36	25	22	22	13	25	36	24	22	27	6	9
ENSG00000129925	7	6	12	0	8	9	8	12	0	5	6	9	14	10	9	7	11	6	5
ENSG00000130037	0	0	0	0	0	0	0	0	0	0	0	0	0	0	0	0	0	0	0
ENSG00000130164	5	5	13	23	8	21	6	18	12	15	16	19	25	28	11	16	20	13	9
ENSG00000130312	19	10	29	31	22	19	14	28	24	22	17	24	0	26	20	18	28	17	14
ENSG00000130589	0	0	0	0	0	0	0	0	0	0	0	0	0	0	0	0	0	0	0
ENSG00000130595	0	0	0	0	0	0	0	0	0	0	0	0	0	0	0	0	0	0	0
ENSG00000130635	22	6	30	41	18	39	15	43	27	33	33	14	48	46	20	31	27	18	11
ENSG00000130649	0	0	0	0	0	0	0	0	0	0	0	0	0	0	0	0	0	0	0
ENSG00000130675	15	7	10	17	8	12	5	14	0	10	12	10	17	17	10	9	17	7	11
ENSG00000130701	0	0	0	0	0	0	0	0	0	0	0	0	0	0	8	0	0	0	0
ENSG00000130702	3	2	3	4	3	1	1	0	4	2	2	3	0	0	2	5	5	0	2
ENSG00000130724	1	1	2	3	3	0	2	3	2	0	0	0	0	1	3	3	2	0	3
ENSG00000130725	1	1	2	3	3	0	2	3	2	0	0	0	0	1	3	3	2	0	3
ENSG00000130726	1	1	4	5	1	1	0	3	1	0	0	0	3	3	5	2	2	0	8
ENSG00000130731	4	4	8	6	3	4	6	5	5	1	1	4	7	6	5	5	5	4	6
ENSG00000130787	15	6	15	26	9	20	11	17	11	23	13	18	26	19	23	15	24	22	16
ENSG00000131080	0	0	0	0	0	0	0	0	0	0	0	0	0	0	0	0	0	0	0
ENSG00000131095	0	0	0	0	0	0	0	0	0	0	0	0	0	0	0	0	0	0	0
ENSG00000131149	34	17	32	41	25	30	23	38	30	29	34	27	40	40	28	26	36	21	19
ENSG00000131188	7	0	7	9	5	9	5	7	0	3	3	6	10	10	8	6	8	2	6
ENSG00000131437	13	3	25	27	12	26	14	18	18	17	16	17	11	25	23	9	21	9	7
ENSG00000131748	4	0	4	5	4	6	2	6	0	7	5	5	0	0	0	3	6	3	0
ENSG00000131771	0	0	0	0	0	0	0	0	0	0	0	0	0	0	0	0	0	0	0
ENSG00000131788	12	8	16	15	13	12	5	9	12	14	10	7	9	14	9	4	12	10	9
ENSG00000131849	4	3	0	17	9	4	4	0	0	0	0	2	6	11	14	7	15	4	22
ENSG00000131979	19	18	25	30	22	38	16	12	27	39	33	24	24	38	11	18	13	36	12
ENSG00000132139	0	0	0	0	0	0	0	0	0	0	0	0	0	0	0	0	0	0	0
ENSG00000132170	9	7	14	16	8	15	8	9	0	13	14	9	13	15	10	11	10	10	12
ENSG00000132388	9	6	12	11	7	14	8	8	12	13	12	11	19	17	13	9	15	10	7
ENSG00000132464	0	0	0	0	0	0	0	0	0	0	0	0	0	0	0	0	0	0	0
ENSG00000132470	0	0	0	0	0	0	0	0	0	0	0	0	0	0	0	0	0	0	0
ENSG00000132613	14	8	22	30	9	28	10	21	17	22	23	13	25	27	11	14	15	17	14
ENSG00000132781	2	2	4	4	3	3	3	4	3	1	2	4	6	4	3	0	5	2	3
ENSG00000132793	9	6	0	13	7	0	6	6	0	0	17	14	0	0	11	11	13	14	13
ENSG00000132801	10	7	13	16	7	9	8	10	12	9	10	14	13	12	16	9	13	5	11
ENSG00000132819	32	11	30	27	24	14	21	36	0	16	19	14	38	36	12	19	19	14	8
ENSG00000133247	12	3	14	24	14	15	12	15	14	8	4	9	22	20	22	11	20	8	10
ENSG00000133661	0	0	0	0	0	0	0	0	0	0	0	0	0	0	0	0	0	0	0
ENSG00000133895	8	2	5	12	10	9	5	12	13	9	13	8	13	9	8	2	9	8	1
ENSG00000134086	6	4	12	17	7	11	4	7	13	9	8	7	12	14	10	4	11	6	11
ENSG00000134121	0	4	1	0	3	1	0	0	0	0	0	1	0	4	1	2	1	1	0
ENSG00000134222	18	6	0	29	16	32	17	20	20	25	23	31	22	25	16	8	27	20	11
ENSG00000134245	17	15	0	20	20	25	7	11	0	3	26	6	11	14	7	10	5	6	9
ENSG00000134323	16	8	14	4	10	0	10	13	8	0	0	0	3	12	6	10	0	8	1
ENSG00000134365	0	0	0	0	0	0	0	0	0	0	0	0	0	0	0	0	0	0	0
ENSG00000134371	7	12	7	9	3	29	4	7	16	25	17	8	3	11	2	3	7	8	13
ENSG00000134538	0	0	0	0	0	0	0	0	0	0	0	0	0	0	0	0	0	0	0
ENSG00000134571	0	0	0	0	0	0	0	0	0	0	0	0	0	0	0	0	0	0	0
ENSG00000134760	0	0	0	0	0	0	0	0	0	0	0	0	0	0	0	0	0	0	0
ENSG00000134982	8	11	18	4	7	9	7	5	8	5	5	4	2	11	6	5	12	9	9
ENSG00000135094	0	0	0	0	0	0	0	0	0	0	0	0	0	0	0	0	0	0	0
ENSG00000135100	0	0	0	0	0	0	0	0	0	0	0	0	0	0	8	0	11	0	10
ENSG00000135111	25	27	37	18	0	25	24	17	0	23	23	8	22	24	10	12	7	5	5
ENSG00000135144	15	2	0	0	13	5	11	12	0	0	0	0	14	6	8	3	7	2	3
ENSG00000135318	7	6	6	18	4	19	8	5	0	28	28	17	14	18	10	14	8	4	10
ENSG00000135476	8	8	12	15	9	9	8	12	11	5	5	5	12	11	10	11	12	7	10
ENSG00000135637	13	4	15	20	10	22	10	15	18	14	11	15	16	18	13	9	17	8	14
ENSG00000135837	7	6	15	15	12	21	8	16	14	17	22	9	9	10	19	14	15	12	15
ENSG00000135903	1	8	7	0	0	4	0	1	0	11	10	20	0	6	0	7	1	5	0
ENSG00000136160	2	4	15	0	5	7	1	1	0	1	0	18	0	5	6	3	1	0	1
ENSG00000136247	6	1	9	10	4	2	4	12	14	7	4	6	11	10	11	4	9	3	7
ENSG00000136295	16	4	15	20	14	15	13	0	0	0	0	18	7	6	12	7	13	8	11
ENSG00000136352	20	7	4	0	0	0	18	0	0	10	9	13	0	0	0	5	0	5	0
ENSG00000136487	0	0	0	0	0	0	0	0	0	0	0	0	0	0	0	0	0	0	0
ENSG00000136488	0	0	0	0	0	0	0	0	0	0	0	0	0	0	0	0	0	0	0
ENSG00000136531	0	0	0	0	0	0	0	0	0	0	0	0	0	0	0	0	0	0	0
ENSG00000136574	0	15	0	3	0	0	6	0	0	2	2	0	0	0	18	19	22	4	0
ENSG00000136717	17	3	11	29	17	27	13	25	14	22	22	16	30	41	24	12	14	31	7
ENSG00000136720	0	0	0	0	0	0	0	0	0	0	0	0	0	0	0	0	0	0	0
ENSG00000136854	6	2	9	4	7	5	9	7	0	1	1	6	9	9	7	4	7	4	5
ENSG00000136866	4	2	0	4	2	3	1	3	5	2	4	0	8	3	0	4	7	3	3
ENSG00000136931	6	0	4	0	5	0	6	3	0	0	5	3	0	0	9	9	0	1	0
ENSG00000136944	5	0	1	0	3	0	5	5	0	2	4	0	0	0	0	2	3	2	0
ENSG00000136997	25	22	32	29	22	37	17	17	19	36	36	17	28	35	11	24	12	19	15
ENSG00000137090	17	0	0	0	13	0	0	0	0	0	0	0	0	0	0	0	0	2	0
ENSG00000137309	25	14	37	31	21	32	14	31	26	21	21	28	28	25	19	13	27	25	22
ENSG00000137841	0	0	0	0	0	0	0	0	0	0	0	0	0	12	0	0	9	0	0
ENSG00000137857	7	4	0	0	1	0	7	8	0	0	6	0	0	0	7	6	0	2	5
ENSG00000137877	0	0	0	0	0	0	0	0	0	0	0	0	0	0	0	0	0	0	0
ENSG00000138083	20	15	0	0	15	0	14	14	0	7	6	4	0	0	8	10	6	6	0
ENSG00000138135	10	2	0	7	3	0	2	2	0	20	11	9	3	12	4	15	0	9	11
ENSG00000138160	2	5	5	2	0	6	0	0	6	5	1	3	1	4	1	2	3	2	1
ENSG00000138279	7	12	13	17	8	15	5	8	16	14	13	15	13	21	8	8	15	16	11
ENSG00000138326	7	6	1	7	2	11	5	5	9	9	10	9	4	9	3	6	4	4	5
ENSG00000138449	5	15	12	6	4	15	5	3	17	11	6	0	11	14	12	24	16	17	21
ENSG00000138463	17	15	20	20	17	16	17	23	0	16	13	11	20	23	17	16	21	8	11
ENSG00000138834	0	0	0	0	0	0	0	0	0	0	0	0	0	0	0	0	0	0	0
ENSG00000139083	26	31	37	35	21	38	20	25	52	27	20	27	31	40	33	16	40	28	36
ENSG00000139219	15	8	18	0	11	0	8	0	0	3	11	14	0	0	7	5	0	8	0
ENSG00000139405	5	2	5	10	3	9	1	12	3	11	12	5	7	7	3	4	4	5	2
ENSG00000139410	0	0	0	0	0	0	0	0	0	0	11	8	0	13	10	10	13	12	5
ENSG00000139547	0	0	0	0	0	0	0	0	0	0	0	0	0	0	0	0	0	0	0
ENSG00000139618	12	6	12	15	17	34	4	4	29	27	13	13	6	26	18	17	30	17	15
ENSG00000139626	0	0	0	0	0	0	0	0	0	0	0	0	0	0	0	0	0	0	0
ENSG00000139631	17	19	24	34	21	28	16	22	22	17	16	15	24	27	18	18	22	9	14
ENSG00000139637	21	24	30	46	28	33	20	30	23	23	28	19	29	34	21	27	33	17	23
ENSG00000139651	17	19	24	34	21	28	16	22	22	17	16	15	24	27	18	18	22	9	14
ENSG00000139687	11	14	13	13	7	16	6	7	32	19	14	19	12	18	11	14	16	8	19
ENSG00000139722	19	7	33	33	13	28	14	24	25	32	23	29	37	35	31	18	33	29	23
ENSG00000140157	9	6	20	27	6	21	8	16	10	16	12	19	10	16	13	11	25	12	6
ENSG00000140262	22	20	12	11	13	42	9	6	22	34	24	10	12	29	10	19	9	20	23
ENSG00000140326	5	6	6	14	5	12	6	12	14	14	10	10	6	9	7	4	15	8	5
ENSG00000140368	0	0	0	6	0	0	0	0	0	0	0	0	0	0	4	0	0	0	2
ENSG00000140391	20	10	20	21	18	20	17	20	15	19	21	24	19	26	15	16	18	13	12
ENSG00000140416	24	20	40	43	27	44	26	22	6	43	36	13	27	42	18	31	31	27	14
ENSG00000140443	25	21	31	31	21	35	20	22	25	33	25	19	26	30	17	31	32	24	13
ENSG00000140459	0	0	0	0	0	0	0	0	0	0	0	0	0	0	0	0	0	0	0
ENSG00000140506	0	0	0	0	0	0	0	0	0	0	0	0	0	0	0	0	0	0	0
ENSG00000140553	19	12	19	6	13	10	15	19	5	15	17	28	9	11	16	19	24	19	30
ENSG00000140564	11	7	13	14	7	18	6	6	14	13	14	14	11	17	8	8	8	11	14
ENSG00000140740	7	5	11	14	6	17	8	9	17	17	14	15	14	16	10	6	11	7	11
ENSG00000140743	8	6	13	17	6	13	8	6	19	17	17	17	13	16	11	9	17	7	11
ENSG00000140749	0	0	0	0	0	0	0	0	0	0	0	0	0	0	0	0	0	0	0
ENSG00000140961	0	11	0	0	8	0	9	0	0	3	0	10	0	0	3	5	8	9	4
ENSG00000140983	6	3	7	9	6	9	6	11	7	7	3	7	9	9	10	6	9	7	5
ENSG00000141030	0	0	0	0	0	0	0	0	0	0	0	0	0	0	0	0	0	0	0
ENSG00000141140	8	8	13	11	7	8	6	9	0	7	6	5	8	12	7	1	9	2	9
ENSG00000141258	12	2	16	22	9	18	6	12	0	10	12	13	19	18	13	9	19	15	15
ENSG00000141279	0	0	0	0	0	0	0	0	0	0	0	0	0	0	0	0	0	0	0
ENSG00000141391	10	4	14	16	10	14	7	11	11	3	8	6	11	9	5	9	9	5	6
ENSG00000141433	1	0	0	0	0	1	0	0	0	0	0	0	0	0	2	1	0	0	0
ENSG00000141448	13	23	21	23	12	30	9	13	0	9	7	12	0	7	26	25	32	4	17
ENSG00000141510	21	8	31	38	24	30	14	31	23	14	9	20	36	37	24	15	30	10	17
ENSG00000141524	24	7	9	19	14	18	20	20	0	24	22	11	0	30	16	13	15	16	17
ENSG00000141646	21	11	19	10	13	9	11	11	13	11	5	8	13	21	9	15	13	14	14
ENSG00000141744	0	0	0	0	0	0	0	0	0	0	0	0	0	0	0	0	0	0	0
ENSG00000142102	1	2	2	2	1	1	1	2	0	1	2	2	2	1	1	0	2	1	1
ENSG00000142156	8	4	9	25	11	17	4	10	0	13	0	7	20	20	9	17	10	6	3
ENSG00000142178	21	10	24	26	17	27	18	26	15	23	21	16	32	35	22	19	20	12	14
ENSG00000142208	0	0	0	0	0	0	0	0	0	0	0	0	0	0	0	0	0	0	0
ENSG00000142279	13	7	19	18	14	17	13	13	15	14	11	18	16	20	15	17	18	13	16
ENSG00000142409	16	8	16	24	17	21	13	27	20	16	12	15	25	23	23	18	32	12	16
ENSG00000142511	0	0	0	0	0	0	0	0	0	0	0	0	0	0	0	0	0	0	0
ENSG00000142731	4	5	7	2	2	3	2	4	7	6	3	2	1	2	2	1	2	1	2
ENSG00000142733	18	11	21	24	16	18	21	20	0	14	19	21	23	21	17	10	13	14	15
ENSG00000142748	0	0	0	0	0	0	0	0	0	0	0	0	0	0	0	0	0	0	0
ENSG00000142765	0	0	0	0	0	0	0	0	0	0	17	0	0	26	16	0	15	0	18
ENSG00000142798	17	6	21	30	13	24	12	25	24	26	30	25	24	27	22	18	26	17	9
ENSG00000142871	17	14	16	15	17	24	12	11	10	19	22	13	9	18	9	13	18	13	11
ENSG00000142949	15	10	20	21	15	16	12	16	15	13	15	9	15	18	20	11	18	3	9
ENSG00000143126	0	0	0	0	0	0	0	0	0	0	0	0	0	0	0	0	0	0	0
ENSG00000143127	0	0	0	0	0	0	0	0	0	0	0	0	0	0	0	0	0	0	0
ENSG00000143252	13	5	16	17	13	21	8	13	16	16	15	18	19	18	14	12	14	12	11
ENSG00000143368	6	6	12	6	7	7	5	6	8	8	7	5	4	11	4	7	7	6	14
ENSG00000143514	11	14	27	26	8	28	9	17	14	27	24	19	23	28	21	17	21	19	17
ENSG00000143536	0	0	0	0	0	0	0	0	0	0	0	0	0	0	0	0	0	0	0
ENSG00000143740	0	0	0	0	0	0	0	0	0	0	0	0	0	0	0	0	0	0	0
ENSG00000143761	8	1	10	12	8	9	3	8	7	8	1	5	11	12	9	7	10	6	8
ENSG00000143793	0	0	0	0	0	0	0	0	0	0	0	0	0	0	0	0	0	0	0
ENSG00000143816	0	0	0	0	0	0	0	0	0	0	0	0	0	0	0	0	0	0	0
ENSG00000144035	0	0	0	0	0	0	0	0	0	0	0	0	0	0	0	0	0	0	0
ENSG00000144045	16	6	16	25	12	24	12	18	22	15	9	19	19	21	17	12	21	11	18
ENSG00000144061	0	0	0	0	0	0	0	0	0	0	0	0	0	0	0	0	0	0	0
ENSG00000144063	9	0	0	0	8	21	6	0	0	0	16	0	0	0	0	13	0	17	12
ENSG00000144285	0	0	0	0	0	0	0	0	0	0	0	0	0	0	0	0	0	0	0
ENSG00000144488	0	0	0	0	0	0	0	0	0	0	0	0	0	0	0	0	0	0	0
ENSG00000144591	21	7	21	25	20	20	20	29	0	24	21	21	24	26	11	21	21	14	8
ENSG00000145088	7	9	11	5	3	5	2	3	16	4	2	3	7	11	4	6	9	3	4
ENSG00000145335	14	14	5	4	6	10	8	6	28	9	1	12	2	5	0	6	15	0	17
ENSG00000145362	13	9	0	5	13	4	0	6	0	9	7	5	10	8	0	9	4	6	0
ENSG00000145675	15	17	28	20	11	26	11	7	22	38	29	27	14	33	18	28	19	36	18
ENSG00000145715	6	2	6	4	3	8	2	3	7	11	6	4	1	1	1	1	2	1	4
ENSG00000146054	5	2	6	7	2	7	7	7	6	5	1	6	7	8	8	3	7	1	3
ENSG00000146063	19	9	25	28	13	21	19	17	22	17	15	20	27	30	22	19	32	15	17
ENSG00000146083	11	7	15	19	7	15	8	11	15	16	15	15	20	16	14	15	20	11	9
ENSG00000146576	7	1	11	11	4	4	5	17	15	12	9	7	13	11	13	9	11	6	9
ENSG00000146707	5	3	9	15	2	13	4	13	11	14	11	6	7	10	6	5	14	7	6
ENSG00000146757	6	8	10	8	3	4	5	8	6	0	2	3	8	3	8	4	10	2	4
ENSG00000146904	13	12	22	0	13	0	14	22	0	0	0	0	0	0	23	0	23	0	14
ENSG00000147804	0	0	0	0	0	0	0	0	0	0	0	0	0	0	0	0	0	0	0
ENSG00000147813	0	0	0	0	0	0	0	0	0	0	0	0	0	0	0	0	0	0	0
ENSG00000147883	9	16	19	18	4	25	4	7	0	33	24	12	0	0	9	8	11	6	11
ENSG00000147889	7	16	21	17	5	27	3	4	10	29	18	8	5	7	10	8	14	6	11
ENSG00000148057	10	6	9	5	11	4	5	7	12	19	18	6	10	21	10	15	20	13	13
ENSG00000148386	0	0	0	0	0	0	0	0	0	0	0	0	0	0	0	0	0	0	0
ENSG00000148400	19	5	20	28	19	21	19	27	18	20	22	20	29	27	21	11	23	9	14
ENSG00000148660	10	6	10	15	8	17	7	11	12	16	17	11	13	14	6	9	8	12	9
ENSG00000149133	0	0	0	0	0	0	0	0	0	0	0	0	0	0	0	0	0	0	0
ENSG00000149311	11	7	20	14	9	14	9	6	15	15	10	7	7	15	9	5	9	11	12
ENSG00000149418	6	5	0	0	8	0	7	0	0	0	9	8	0	0	11	0	15	6	13
ENSG00000149451	11	4	16	22	11	1	14	10	2	12	15	14	22	1	17	11	23	12	1
ENSG00000149548	13	6	11	13	12	10	9	11	5	5	2	9	14	14	4	11	8	8	3
ENSG00000149634	12	9	14	24	10	12	8	15	0	13	11	13	14	15	16	11	16	8	14
ENSG00000149679	0	0	0	0	0	0	0	0	0	0	6	0	0	0	0	0	0	0	0
ENSG00000150873	15	0	13	10	16	11	11	12	0	10	9	6	0	0	17	13	13	9	11
ENSG00000150907	12	7	18	13	6	3	8	7	12	14	8	8	11	18	9	10	22	17	10
ENSG00000150967	18	7	27	32	11	29	12	21	22	33	25	24	32	32	28	18	30	27	24
ENSG00000151176	16	9	23	25	19	20	20	21	20	28	24	14	23	17	12	11	19	16	12
ENSG00000151322	13	17	16	10	14	5	7	6	15	17	9	16	7	23	4	13	4	10	3
ENSG00000151348	20	10	16	19	16	21	13	20	11	17	16	11	25	25	16	18	16	9	15
ENSG00000151364	8	4	0	0	4	0	5	9	6	8	0	8	8	0	12	13	15	7	9
ENSG00000151650	0	0	0	0	0	0	0	0	0	0	0	0	0	0	0	0	0	0	0
ENSG00000151651	0	0	0	0	0	0	0	0	0	0	0	0	0	0	0	0	0	0	0
ENSG00000151702	13	13	21	17	0	17	12	12	10	13	12	8	12	13	10	8	11	14	12
ENSG00000151929	12	11	23	20	14	22	7	12	15	22	18	23	12	20	12	10	10	20	5
ENSG00000152475	2	6	14	15	8	4	2	6	7	0	0	3	9	14	12	9	16	2	17
ENSG00000152700	13	10	12	17	10	16	13	14	15	7	9	7	13	16	11	12	17	12	15
ENSG00000153208	9	7	18	18	7	14	5	7	7	8	8	13	4	9	11	9	20	6	16
ENSG00000153303	0	0	0	0	0	0	0	0	0	0	0	0	0	0	0	0	0	0	0
ENSG00000153404	0	0	0	0	0	0	0	0	0	0	0	0	0	0	0	0	0	0	0
ENSG00000153575	7	3	15	21	4	14	6	11	8	14	11	13	10	11	11	8	19	10	4
ENSG00000154252	0	0	0	0	0	0	0	0	0	0	0	0	0	0	0	0	0	0	0
ENSG00000154342	6	0	4	0	0	5	5	7	0	6	3	0	0	0	0	8	0	5	0
ENSG00000154358	0	0	0	0	0	0	0	0	0	0	8	6	15	15	0	0	0	7	0
ENSG00000154370	10	3	14	19	12	15	9	12	8	11	10	8	19	19	16	14	16	10	8
ENSG00000154473	28	7	14	15	16	9	18	27	16	8	11	18	19	17	13	9	14	4	9
ENSG00000154839	6	5	11	9	5	4	7	10	0	7	8	2	12	13	3	5	4	1	5
ENSG00000155034	10	4	15	20	10	13	7	0	12	11	9	14	19	18	9	8	16	10	9
ENSG00000155249	0	0	0	0	0	0	0	0	0	0	0	0	0	0	0	0	0	0	0
ENSG00000155714	0	0	0	0	0	0	0	0	0	0	0	0	0	0	0	0	0	0	0
ENSG00000155719	0	0	0	0	0	0	0	0	0	0	0	0	0	0	0	0	0	0	0
ENSG00000156110	16	20	18	16	10	33	15	21	19	30	32	14	17	30	22	13	30	21	22
ENSG00000156970	26	21	29	25	21	31	26	27	18	27	30	23	25	24	0	14	23	12	18
ENSG00000157017	0	0	0	0	0	0	0	0	0	0	0	0	0	0	0	0	0	0	0
ENSG00000157045	6	1	6	18	1	8	0	8	7	15	11	16	6	10	8	14	16	8	5
ENSG00000157540	27	14	28	37	18	35	18	23	26	29	30	17	24	34	19	11	17	12	15
ENSG00000157764	8	7	4	8	4	8	2	5	14	7	0	5	4	3	7	6	12	7	7
ENSG00000157833	8	3	9	6	8	7	6	9	0	10	6	10	0	14	0	9	0	7	11
ENSG00000158321	24	18	17	18	24	2	15	20	12	5	0	12	16	23	11	22	10	15	13
ENSG00000158477	0	0	0	0	0	0	0	0	0	0	0	0	0	0	0	0	0	0	0
ENSG00000158517	0	0	0	0	0	0	0	0	0	0	0	0	0	0	0	0	0	0	0
ENSG00000158525	0	0	0	0	0	0	0	0	0	0	0	0	0	0	0	0	0	0	0
ENSG00000158710	11	16	21	22	13	15	14	14	20	14	16	13	0	17	20	8	22	8	13
ENSG00000158792	9	6	14	23	9	16	7	14	0	10	9	14	16	17	17	14	20	9	18
ENSG00000158828	9	3	8	11	4	6	5	4	8	11	8	7	9	7	2	2	6	2	2
ENSG00000158887	15	7	20	18	17	21	9	14	16	16	14	17	19	18	14	15	15	13	12
ENSG00000159197	0	0	0	0	0	0	0	0	0	0	0	0	0	0	6	0	0	0	0
ENSG00000159216	8	7	28	26	13	37	5	10	25	33	35	13	20	25	20	16	25	23	25
ENSG00000159239	9	6	0	0	7	12	8	11	17	12	12	11	8	11	13	7	0	10	12
ENSG00000159307	13	4	9	0	16	0	8	20	0	9	8	0	0	0	0	14	0	4	0
ENSG00000159763	0	0	0	0	0	0	0	0	0	0	0	0	0	0	0	0	0	0	0
ENSG00000159784	7	11	12	11	5	11	9	14	0	9	7	0	0	12	12	8	0	8	9
ENSG00000159840	14	17	23	21	12	19	13	26	23	14	12	11	18	17	21	12	26	13	14
ENSG00000160097	17	0	21	20	13	22	13	21	22	17	21	20	0	24	0	16	21	10	0
ENSG00000160117	0	0	0	0	0	0	0	0	0	0	0	0	0	0	0	0	0	0	0
ENSG00000160408	9	3	11	9	6	10	6	10	10	7	8	19	14	14	6	19	11	9	3
ENSG00000160471	0	0	0	0	0	0	0	0	0	0	0	0	0	0	0	0	0	0	0
ENSG00000160472	0	0	0	0	0	0	0	0	0	0	0	0	0	0	0	0	0	0	0
ENSG00000160570	28	4	25	30	26	23	24	28	23	18	18	23	30	30	24	11	28	15	19
ENSG00000160710	4	4	8	9	6	6	3	6	4	2	1	4	7	6	5	5	7	4	6
ENSG00000160948	10	1	11	14	9	11	9	13	9	5	0	11	14	13	13	11	14	6	8
ENSG00000160949	0	0	0	0	0	0	0	0	0	0	0	0	0	0	0	0	0	0	0
ENSG00000160957	5	1	9	0	6	9	7	0	10	0	0	4	10	10	12	11	12	6	8
ENSG00000160972	0	0	0	0	0	0	0	0	0	0	0	0	0	0	0	0	0	0	0
ENSG00000160973	9	3	0	0	9	0	10	9	0	6	6	7	0	0	0	0	0	0	10
ENSG00000161103	0	0	0	0	0	0	0	0	0	0	0	0	0	0	0	0	0	0	0
ENSG00000161179	19	2	22	37	16	27	13	30	0	25	20	27	32	31	21	16	31	20	14
ENSG00000161180	19	2	22	37	16	27	13	30	0	25	20	27	32	31	21	16	31	20	14
ENSG00000161265	8	3	23	20	10	15	9	12	20	10	7	5	19	25	19	12	22	8	11
ENSG00000161509	12	0	0	0	0	0	8	20	0	15	20	7	0	0	0	7	0	3	0
ENSG00000161526	4	4	9	9	10	4	6	6	9	4	2	2	8	10	4	5	7	2	11
ENSG00000161594	0	0	0	0	0	0	0	0	0	0	0	0	0	0	0	0	0	0	0
ENSG00000161996	0	0	0	0	0	0	0	0	0	0	0	0	0	0	0	0	0	0	0
ENSG00000161999	10	3	8	7	5	0	7	0	0	0	0	6	9	8	9	4	7	5	7
ENSG00000162004	15	0	12	0	18	14	8	0	13	11	12	15	0	0	14	13	0	7	7
ENSG00000162006	20	0	15	25	21	16	11	28	19	0	15	23	32	31	19	16	27	9	9
ENSG00000162032	9	2	13	16	9	10	7	12	8	9	10	12	16	14	13	7	13	3	9
ENSG00000162244	11	8	28	31	18	19	16	20	17	18	22	21	22	25	20	16	28	17	16
ENSG00000162374	2	0	0	0	1	0	4	0	0	0	0	0	0	0	0	0	0	0	0
ENSG00000162409	5	4	6	5	4	9	1	3	4	5	7	3	5	10	3	5	3	7	2
ENSG00000162426	12	10	0	0	7	0	7	0	0	10	0	0	11	11	8	9	0	7	7
ENSG00000162551	21	11	21	0	19	21	17	25	0	0	18	10	0	0	21	15	0	8	0
ENSG00000162599	26	19	15	9	13	12	11	11	29	21	13	27	25	48	20	26	13	39	23
ENSG00000162711	0	0	0	0	0	0	0	0	0	0	0	0	11	10	0	0	0	0	0
ENSG00000162728	0	0	0	0	0	0	0	0	0	0	0	0	0	0	0	0	0	0	0
ENSG00000162729	16	14	17	19	16	14	15	17	13	15	11	16	18	21	15	12	15	12	8
ENSG00000162747	0	0	0	0	0	0	0	0	0	0	0	0	0	0	0	0	0	0	0
ENSG00000162881	0	0	0	0	0	0	0	0	0	0	0	0	0	0	0	0	0	0	0
ENSG00000162882	13	12	8	8	8	0	9	8	0	11	5	0	7	13	9	5	10	5	7
ENSG00000162910	6	0	11	11	8	8	5	11	5	8	4	4	11	11	8	7	8	5	7
ENSG00000162931	0	0	0	0	0	0	0	0	0	0	0	0	0	0	0	0	0	0	0
ENSG00000162976	12	8	17	20	14	20	12	18	6	14	14	15	22	27	15	18	14	20	9
ENSG00000163050	17	7	22	16	12	18	12	18	0	18	12	10	26	24	22	15	26	18	15
ENSG00000163132	11	7	13	15	9	13	10	13	7	16	9	9	9	9	4	8	7	6	7
ENSG00000163202	0	0	0	0	0	0	0	0	0	0	0	0	0	0	0	0	0	0	0
ENSG00000163406	5	0	0	0	0	0	0	0	0	0	0	0	5	6	0	0	0	0	0
ENSG00000163435	25	16	31	41	0	0	0	0	0	0	0	0	0	0	22	0	28	0	21
ENSG00000163660	17	15	19	32	14	39	16	11	28	40	39	30	17	24	20	23	26	17	20
ENSG00000163931	16	8	18	17	14	18	13	19	17	13	11	16	21	22	9	14	21	9	11
ENSG00000163932	15	10	14	28	19	19	13	22	14	25	27	21	25	24	18	11	25	9	9
ENSG00000164086	11	7	17	25	20	24	14	17	15	16	14	21	18	25	17	16	16	11	18
ENSG00000164087	11	6	20	29	15	17	14	17	0	19	19	18	22	22	16	14	19	9	11
ENSG00000164088	0	0	0	0	0	0	0	0	0	0	0	0	0	0	0	0	0	0	0
ENSG00000164091	6	5	18	17	14	11	9	6	10	6	5	9	11	13	14	8	13	7	12
ENSG00000164093	17	11	14	0	7	6	8	7	0	11	11	5	8	13	0	7	0	4	0
ENSG00000164109	11	12	12	9	11	15	10	9	11	15	12	3	6	13	6	10	15	6	12
ENSG00000164190	6	11	4	4	3	7	6	6	14	7	3	3	3	7	6	7	7	4	10
ENSG00000164362	0	0	0	0	0	0	0	0	0	0	0	0	0	0	0	0	0	0	0
ENSG00000164690	3	2	0	0	3	3	2	0	0	2	2	3	0	0	3	3	0	2	2
ENSG00000164692	10	17	14	9	9	32	7	5	0	26	22	10	13	20	4	24	5	0	2
ENSG00000164778	0	5	13	32	0	12	6	4	0	11	16	21	0	25	22	11	27	11	4
ENSG00000164871	0	0	0	0	0	0	0	0	0	0	0	0	0	0	0	0	0	0	0
ENSG00000164889	23	20	33	29	23	26	27	22	23	19	12	25	31	31	27	16	26	12	22
ENSG00000165125	0	0	0	0	0	0	0	0	0	0	0	0	0	0	0	0	0	0	0
ENSG00000165131	0	0	0	0	0	0	0	0	0	0	0	0	0	0	0	0	0	0	0
ENSG00000165272	6	0	0	0	5	0	4	11	0	0	0	10	0	0	6	0	0	6	7
ENSG00000165471	0	0	0	0	0	0	0	0	0	0	0	0	0	0	0	0	0	0	0
ENSG00000165496	0	0	0	0	0	0	0	0	0	0	0	0	0	0	0	0	0	0	0
ENSG00000165588	17	20	0	0	18	0	15	12	0	3	3	4	0	0	0	3	0	3	0
ENSG00000165643	0	0	0	0	0	0	0	0	0	0	0	0	0	0	0	0	0	0	0
ENSG00000165671	21	14	30	41	23	31	18	28	22	23	20	24	37	36	26	20	27	17	23
ENSG00000165699	10	10	9	18	10	8	10	14	17	11	14	10	20	20	9	11	14	9	10
ENSG00000165731	8	2	0	0	5	0	4	7	8	4	6	0	8	8	5	2	8	3	0
ENSG00000165732	6	7	5	9	4	8	2	5	8	4	2	2	6	9	3	4	5	3	6
ENSG00000165762	0	0	0	0	0	0	0	0	0	0	0	0	0	0	0	0	0	0	0
ENSG00000165905	25	15	23	27	25	28	26	29	18	20	26	16	21	26	24	19	27	11	18
ENSG00000166068	11	10	8	18	13	24	7	3	14	23	18	15	9	24	11	14	5	5	13
ENSG00000166105	10	3	0	0	3	0	7	13	0	5	5	3	0	0	0	5	0	0	6
ENSG00000166147	5	8	7	6	1	17	3	3	17	17	11	8	5	9	4	10	1	4	9
ENSG00000166183	0	0	0	0	0	0	0	0	0	0	0	0	0	0	0	0	0	0	0
ENSG00000166351	0	0	0	0	0	0	0	0	0	0	0	0	0	0	0	0	0	0	0
ENSG00000166507	10	8	10	13	6	28	6	16	17	27	28	16	17	22	8	9	9	13	8
ENSG00000166573	5	3	0	0	3	5	2	4	0	1	1	0	5	0	0	2	0	5	0
ENSG00000166578	20	11	27	32	25	22	20	23	18	30	27	18	27	25	11	16	24	19	10
ENSG00000166603	0	0	0	0	0	3	0	0	2	5	2	0	0	0	0	1	0	0	0
ENSG00000166669	14	6	20	17	10	15	9	15	17	22	16	13	22	27	19	15	22	16	15
ENSG00000166949	33	23	43	47	37	57	27	37	0	53	56	33	46	55	46	49	49	49	52
ENSG00000166963	14	7	12	16	12	16	11	14	15	3	12	9	10	17	6	9	7	7	0
ENSG00000166965	3	2	6	13	3	6	4	3	0	6	4	6	6	6	3	4	6	4	4
ENSG00000167034	13	10	27	24	13	22	10	15	10	0	16	0	14	18	11	14	24	15	16
ENSG00000167074	11	4	17	23	10	22	10	12	21	28	12	22	12	20	13	15	22	11	14
ENSG00000167136	13	4	17	25	8	20	10	15	17	15	15	18	26	27	22	16	22	15	12
ENSG00000167371	20	9	33	33	20	24	12	29	23	9	10	18	30	29	24	19	27	13	16
ENSG00000167419	20	6	20	10	13	10	15	23	17	7	7	17	11	12	8	4	9	4	6
ENSG00000167522	28	11	31	47	25	42	29	41	29	35	34	41	41	43	41	29	46	31	30
ENSG00000167548	17	7	18	18	14	12	9	14	13	14	4	14	17	24	14	10	19	7	14
ENSG00000167608	8	0	0	0	0	0	8	11	0	7	7	17	0	0	6	7	10	0	0
ENSG00000167619	0	0	0	0	0	0	0	0	0	0	0	0	0	0	0	0	0	0	0
ENSG00000167625	28	4	25	30	26	23	24	28	23	18	18	23	30	30	24	11	28	15	19
ENSG00000167633	0	0	0	0	0	0	0	0	0	0	0	0	0	0	0	0	0	0	0
ENSG00000167685	17	8	18	23	17	18	13	26	18	13	9	16	24	24	17	19	28	12	16
ENSG00000167700	0	0	0	0	18	0	18	0	0	9	0	0	0	0	27	0	0	13	19
ENSG00000167701	0	0	0	0	23	0	23	0	0	9	0	0	0	0	34	0	0	19	24
ENSG00000167702	0	0	0	0	0	0	0	0	0	0	0	0	0	0	0	0	0	0	0
ENSG00000167711	0	0	0	0	0	0	0	0	0	0	0	0	0	0	0	0	0	0	0
ENSG00000167716	25	7	39	43	21	38	13	26	38	30	32	26	38	39	27	26	37	32	26
ENSG00000167778	10	14	15	20	14	14	11	14	14	7	10	9	14	12	13	14	18	7	14
ENSG00000167779	7	7	0	0	10	0	5	12	0	6	0	6	0	0	10	10	14	7	9
ENSG00000167780	7	7	0	0	10	0	6	13	0	6	0	6	0	0	10	13	14	7	9
ENSG00000167825	0	0	0	0	0	0	0	0	0	0	0	0	0	0	0	0	0	0	0
ENSG00000167895	24	7	9	19	14	18	20	20	0	24	22	11	0	30	16	13	15	16	17
ENSG00000167945	0	0	0	0	0	0	0	0	0	0	0	0	0	0	0	0	0	0	0
ENSG00000168066	9	2	5	14	11	11	6	12	12	9	11	10	14	14	8	5	9	11	3
ENSG00000168137	10	7	17	22	10	20	6	12	17	16	22	15	10	15	13	13	15	8	15
ENSG00000168140	18	7	24	26	19	28	19	26	0	24	17	18	0	30	23	23	22	20	14
ENSG00000168148	0	0	0	0	0	0	0	0	0	0	0	0	0	0	0	0	0	0	0
ENSG00000168159	18	3	23	31	20	22	14	22	13	18	12	11	30	28	21	22	25	13	15
ENSG00000168214	26	20	25	29	14	55	13	14	20	51	41	19	35	48	11	28	25	20	13
ENSG00000168237	4	3	12	13	6	3	9	6	4	2	1	3	6	6	8	4	7	3	8
ENSG00000168263	0	0	0	0	0	0	0	0	0	0	0	0	0	0	0	0	0	0	0
ENSG00000168427	0	0	0	0	0	0	0	0	0	0	0	0	0	0	0	0	0	0	0
ENSG00000168453	18	0	0	0	0	0	16	0	0	3	3	16	0	0	14	15	0	14	16
ENSG00000168477	0	0	0	0	0	0	0	0	0	0	7	0	0	0	0	0	0	0	0
ENSG00000168496	11	11	23	18	10	19	10	18	18	21	16	23	19	18	15	9	19	7	15
ENSG00000168542	0	0	3	0	0	12	0	0	0	15	9	0	1	10	0	7	0	2	1
ENSG00000168612	0	0	0	0	0	0	0	0	0	0	0	0	0	0	0	0	0	0	0
ENSG00000168621	5	7	14	17	5	15	5	5	0	16	15	7	8	9	6	11	8	9	0
ENSG00000168884	10	6	15	20	14	20	12	18	21	21	13	13	23	22	17	7	21	11	14
ENSG00000168924	18	5	14	29	12	23	12	24	16	23	20	18	27	31	15	12	19	15	15
ENSG00000168925	0	0	0	0	0	0	0	0	0	3	0	0	0	0	0	0	12	0	0
ENSG00000168928	0	0	0	0	0	0	7	0	0	0	0	0	0	0	0	0	15	0	0
ENSG00000168970	15	9	21	20	13	22	7	16	0	18	17	19	17	24	18	20	18	13	12
ENSG00000169071	19	22	19	29	25	38	18	20	0	21	15	6	19	22	18	32	10	1	7
ENSG00000169397	0	0	0	0	0	0	0	0	0	0	0	0	0	0	0	0	0	0	0
ENSG00000169554	14	14	12	10	14	19	10	4	15	14	6	5	7	15	0	10	5	7	6
ENSG00000169598	6	2	6	9	5	4	5	7	7	2	3	6	13	12	7	4	5	5	4
ENSG00000169855	20	22	7	4	6	9	6	3	0	11	2	5	1	4	0	7	1	5	1
ENSG00000169877	3	2	0	0	3	5	3	4	7	6	0	0	4	4	0	3	10	4	0
ENSG00000169926	18	7	23	31	13	21	16	23	19	25	28	24	34	26	23	11	26	19	24
ENSG00000169989	30	28	21	25	12	22	15	25	0	14	13	18	11	26	19	11	16	9	20
ENSG00000170074	0	0	0	0	0	0	0	0	0	0	0	0	0	0	0	0	0	0	0
ENSG00000170113	10	6	18	26	6	17	7	16	12	19	12	18	13	13	15	11	23	11	6
ENSG00000170178	20	10	3	0	3	7	20	19	0	12	8	4	0	4	0	7	14	11	3
ENSG00000170322	12	6	18	22	13	16	8	8	15	21	17	8	12	14	15	8	16	8	13
ENSG00000170374	0	0	0	0	0	0	0	0	0	0	0	0	0	0	0	0	0	0	0
ENSG00000170549	12	5	1	3	15	0	10	0	0	1	1	6	0	0	0	0	0	2	0
ENSG00000170616	5	0	12	14	0	8	4	0	0	8	7	4	0	0	0	0	0	4	0
ENSG00000170727	1	1	5	5	5	4	1	3	6	2	0	4	5	5	4	4	4	0	6
ENSG00000170820	0	0	0	0	0	0	0	0	0	0	0	0	0	0	0	0	0	0	0
ENSG00000170848	0	0	0	0	0	0	0	0	0	0	0	0	0	0	0	0	0	0	0
ENSG00000170889	19	1	18	19	10	18	8	25	23	8	4	15	22	19	13	11	15	7	10
ENSG00000170906	10	6	13	11	7	10	4	9	15	10	8	5	13	12	10	5	8	5	6
ENSG00000170954	0	0	0	0	0	0	0	0	0	0	0	0	0	0	0	0	0	0	0
ENSG00000171060	0	0	0	0	0	0	0	0	0	0	0	0	0	0	0	0	0	0	0
ENSG00000171130	0	0	0	0	0	0	0	0	0	0	0	0	0	0	0	0	0	0	0
ENSG00000171316	12	6	9	5	9	7	9	9	7	2	3	7	10	13	6	1	5	5	5
ENSG00000171456	10	9	17	18	9	14	8	10	7	9	14	11	13	13	13	9	13	8	10
ENSG00000171551	8	0	9	0	5	0	5	9	9	8	0	0	0	0	0	6	0	6	0
ENSG00000171574	0	0	0	0	0	0	0	0	0	0	0	0	0	0	0	0	0	0	0
ENSG00000171722	0	0	0	0	0	0	0	0	0	0	0	0	0	0	0	0	0	0	0
ENSG00000171735	19	8	26	30	18	28	12	27	29	25	26	26	33	32	22	23	25	22	12
ENSG00000171772	0	0	0	0	0	0	0	0	0	0	0	0	0	0	0	0	0	0	0
ENSG00000171843	18	13	8	9	12	19	9	6	20	34	18	12	10	18	5	7	11	9	8
ENSG00000171858	16	4	9	12	18	17	5	12	9	8	8	9	8	8	23	21	11	13	21
ENSG00000171862	9	9	23	12	8	31	4	1	22	36	35	29	6	18	13	20	19	22	21
ENSG00000172123	11	9	20	12	8	13	5	12	0	11	10	15	7	14	6	8	12	5	0
ENSG00000172188	0	0	0	0	0	0	0	0	0	0	0	0	0	0	0	0	0	0	0
ENSG00000172346	0	0	0	0	0	0	3	0	0	0	12	6	0	0	5	7	6	0	0
ENSG00000172366	4	4	8	6	3	4	6	5	5	1	1	4	7	6	5	5	5	4	6
ENSG00000172531	12	6	13	14	8	11	9	14	16	10	7	14	15	14	13	6	11	3	4
ENSG00000172716	13	9	0	20	11	16	8	0	17	13	15	8	17	23	13	10	20	8	13
ENSG00000172819	19	18	20	32	18	21	15	23	13	20	17	16	19	23	14	21	24	7	13
ENSG00000173137	0	0	0	0	0	0	0	0	0	0	0	0	0	0	0	0	0	0	0
ENSG00000173226	7	9	11	5	3	5	2	3	16	4	2	3	7	11	4	6	9	3	4
ENSG00000173230	8	9	11	5	3	5	3	4	17	4	2	3	7	12	5	6	10	3	4
ENSG00000173253	7	5	0	0	7	6	7	0	0	14	8	5	12	17	0	5	0	6	0
ENSG00000173262	19	0	0	0	0	10	11	0	0	11	0	0	9	8	0	6	5	3	0
ENSG00000173267	0	0	0	0	0	0	0	0	0	0	0	0	0	0	7	0	18	22	0
ENSG00000173269	0	0	0	0	0	0	0	0	0	0	0	0	0	0	4	0	8	11	0
ENSG00000173366	0	0	0	0	0	0	0	0	0	0	0	0	0	0	0	0	0	0	0
ENSG00000173473	11	2	9	12	6	8	8	11	9	11	5	12	12	11	11	14	13	12	7
ENSG00000173566	29	17	35	40	24	32	26	35	25	27	20	25	33	33	24	26	27	16	23
ENSG00000173575	23	21	20	16	18	21	16	18	22	9	8	18	21	28	12	10	24	17	16
ENSG00000173588	20	8	15	12	13	22	14	18	21	15	12	16	9	19	9	12	9	9	9
ENSG00000173638	4	0	9	17	6	5	5	0	10	7	10	13	16	12	15	5	10	1	3
ENSG00000173641	0	0	0	0	0	0	0	0	0	0	0	10	0	0	0	0	0	8	0
ENSG00000173757	0	0	0	0	0	0	0	0	0	0	0	0	0	0	0	0	0	0	0
ENSG00000173838	0	0	0	0	0	0	0	0	0	0	0	0	0	0	0	0	0	0	0
ENSG00000173991	0	0	0	0	0	0	0	0	0	0	0	0	0	0	0	0	0	0	0
ENSG00000174106	14	15	29	22	8	32	9	7	21	31	32	22	11	27	14	15	18	10	11
ENSG00000174279	16	9	0	0	1	2	20	4	0	10	6	7	0	0	0	0	0	14	0
ENSG00000174348	9	0	0	16	10	21	8	11	0	17	0	9	17	21	17	15	14	5	15
ENSG00000174405	11	14	11	21	5	30	11	6	7	2	2	2	7	8	9	8	9	2	5
ENSG00000174437	8	8	11	11	6	21	8	10	16	19	14	23	23	25	14	18	15	16	13
ENSG00000174586	0	0	0	0	0	0	0	0	0	0	0	0	0	0	0	0	0	0	0
ENSG00000174804	12	17	14	8	8	13	10	4	0	17	8	10	15	24	9	18	15	18	5
ENSG00000174827	0	0	0	0	0	0	0	0	0	0	0	0	0	0	0	0	0	0	0
ENSG00000174842	2	4	2	0	2	6	2	3	5	4	3	2	0	2	2	1	2	1	3
ENSG00000174950	0	0	0	0	0	0	0	0	0	0	0	0	0	0	0	0	0	0	0
ENSG00000174970	0	0	0	0	0	0	0	0	0	0	0	0	0	0	0	0	0	0	0
ENSG00000174982	0	0	0	0	0	0	0	0	0	0	0	0	0	0	0	0	0	0	0
ENSG00000175054	6	5	9	6	4	2	5	6	10	6	7	5	5	5	4	4	7	6	8
ENSG00000175084	0	0	0	0	0	0	0	0	0	21	9	18	19	24	3	13	0	11	0
ENSG00000175265	0	0	0	0	0	0	0	0	0	0	0	0	0	0	0	0	0	0	0
ENSG00000175267	0	0	0	0	0	0	0	0	0	0	0	0	0	0	0	0	0	0	0
ENSG00000175344	12	5	14	18	6	12	11	15	0	15	14	14	19	19	14	7	16	14	15
ENSG00000175463	12	6	13	14	8	11	9	14	16	10	7	14	15	14	13	6	11	3	4
ENSG00000175567	10	14	22	0	11	26	9	15	21	25	18	8	20	26	17	18	21	18	15
ENSG00000175646	0	0	0	0	0	0	0	0	0	0	0	0	0	0	0	0	0	0	0
ENSG00000175920	18	0	0	27	0	18	15	18	14	14	18	15	0	18	12	12	18	8	0
ENSG00000176165	16	13	7	9	15	11	7	10	0	24	9	5	0	0	0	0	0	4	0
ENSG00000176281	0	0	0	0	0	0	0	0	0	0	0	0	0	0	0	0	0	0	0
ENSG00000176454	6	3	13	14	5	11	3	7	14	12	9	9	7	13	9	6	8	7	5
ENSG00000176605	0	0	0	0	0	0	0	0	0	0	0	0	0	0	0	0	0	0	0
ENSG00000176692	4	1	9	11	0	9	3	2	6	1	7	3	8	11	3	1	0	4	0
ENSG00000176920	19	7	0	0	17	0	12	16	0	0	13	0	0	0	21	0	22	12	13
ENSG00000176974	4	5	15	20	11	20	5	19	0	23	17	18	20	12	17	6	20	7	7
ENSG00000177023	0	0	0	0	0	0	0	0	0	0	0	0	0	0	0	0	0	0	0
ENSG00000177082	11	10	22	25	7	23	10	17	18	19	15	22	19	22	19	14	27	20	15
ENSG00000177243	0	0	0	0	0	0	0	0	0	0	0	0	0	0	0	0	0	0	0
ENSG00000177257	0	0	0	0	0	0	0	0	0	0	0	0	0	0	0	0	0	0	0
ENSG00000177302	14	4	25	27	15	19	12	29	16	22	18	21	24	23	23	17	25	15	13
ENSG00000177303	6	1	10	11	6	8	5	0	0	4	0	7	8	9	6	4	11	6	6
ENSG00000177374	10	0	0	20	8	14	6	10	0	12	13	9	18	19	12	10	15	8	9
ENSG00000177426	27	22	27	22	16	29	15	14	13	27	16	18	18	24	10	11	20	10	18
ENSG00000177519	8	9	5	0	5	7	7	10	0	0	0	0	2	0	3	3	0	2	3
ENSG00000177728	11	5	14	13	10	8	9	11	10	6	4	7	10	11	8	6	12	6	11
ENSG00000177807	0	0	0	0	0	0	0	0	0	0	0	0	0	0	0	0	0	0	0
ENSG00000177990	3	4	4	12	2	2	1	1	8	4	2	3	0	3	6	2	2	0	0
ENSG00000178038	17	13	0	0	10	0	16	22	0	17	0	14	19	0	17	9	22	16	8
ENSG00000178209	26	10	36	41	29	34	26	29	0	15	6	33	40	40	43	29	41	24	27
ENSG00000178685	0	0	0	0	0	3	0	0	0	0	0	3	0	0	0	3	0	1	0
ENSG00000178691	3	3	7	8	5	8	3	5	7	6	5	7	6	6	4	3	7	2	8
ENSG00000178719	0	0	0	0	0	0	0	0	0	0	0	0	0	0	0	0	0	0	0
ENSG00000178752	8	1	10	21	5	18	5	15	7	17	17	14	0	0	0	9	0	8	0
ENSG00000178814	0	0	0	0	0	0	0	0	0	0	0	0	0	0	0	0	0	0	0
ENSG00000178852	12	11	0	0	9	18	10	17	0	22	20	17	19	20	14	12	13	8	15
ENSG00000178896	6	1	9	10	9	8	4	9	0	3	1	8	11	9	7	8	9	3	7
ENSG00000178935	0	0	0	0	0	0	0	0	0	0	0	0	0	0	0	0	0	0	0
ENSG00000179059	6	5	3	0	3	0	4	2	0	0	0	0	0	0	0	0	0	0	0
ENSG00000179091	1	1	5	5	4	4	4	0	6	2	0	8	5	5	4	3	4	0	6
ENSG00000179119	1	4	9	11	6	11	3	8	10	8	7	13	9	12	9	6	14	5	12
ENSG00000179172	0	0	0	0	0	0	0	0	0	0	0	0	0	0	0	0	0	0	0
ENSG00000179295	12	4	11	19	7	16	6	8	13	12	12	7	11	15	14	11	15	12	8
ENSG00000179348	18	13	22	15	11	23	20	15	9	16	24	10	0	0	15	16	19	13	5
ENSG00000179364	8	2	8	12	9	9	6	6	12	7	6	9	12	10	11	6	12	5	11
ENSG00000179407	0	0	0	0	0	0	0	0	0	0	0	0	0	0	0	0	0	0	0
ENSG00000179526	15	2	15	14	10	13	7	13	17	8	2	9	16	16	14	10	13	5	13
ENSG00000179528	12	9	17	16	12	21	11	11	0	11	8	17	13	14	17	12	22	10	19
ENSG00000179627	0	0	0	0	0	0	0	0	0	0	0	0	0	0	0	0	0	0	0
ENSG00000179632	8	2	15	14	10	13	7	13	17	8	2	9	16	16	14	10	13	5	13
ENSG00000179698	15	2	15	14	10	13	7	13	17	8	2	9	16	16	14	10	13	5	13
ENSG00000179832	0	0	0	0	0	0	0	0	0	0	0	0	0	0	0	0	0	0	0
ENSG00000179886	1	1	5	5	5	4	1	3	6	2	0	4	5	5	4	4	4	0	6
ENSG00000179915	8	9	0	1	8	5	4	2	1	3	0	1	1	12	0	0	0	0	0
ENSG00000180043	0	0	0	0	0	0	0	0	0	0	0	0	0	0	0	0	0	0	0
ENSG00000180185	9	1	13	15	6	9	5	12	10	4	4	9	10	9	12	7	12	4	12
ENSG00000180592	30	27	35	17	26	22	23	17	14	28	16	14	23	31	8	13	11	4	7
ENSG00000181009	0	0	0	0	0	0	0	0	0	0	0	0	0	0	0	0	0	0	0
ENSG00000181019	7	5	12	21	9	29	7	10	14	16	20	17	0	26	15	15	20	13	13
ENSG00000181090	25	6	29	29	16	21	12	34	20	21	21	21	30	27	28	28	25	22	13
ENSG00000181163	22	9	23	15	11	14	21	21	14	14	10	15	23	19	15	11	23	9	9
ENSG00000181218	8	2	11	14	12	13	11	13	7	12	7	7	17	15	11	14	0	8	9
ENSG00000181374	0	0	0	0	0	0	0	0	0	0	0	0	0	0	0	0	0	0	0
ENSG00000181444	13	4	16	14	12	8	11	19	8	8	6	12	16	17	9	10	12	10	7
ENSG00000181449	29	17	7	11	21	4	15	11	0	0	2	6	0	0	4	5	0	4	0
ENSG00000181481	6	4	10	10	9	12	6	5	11	6	6	7	12	11	9	7	7	4	4
ENSG00000181585	6	4	0	0	4	0	6	7	0	5	0	4	6	0	6	2	7	5	2
ENSG00000181588	10	1	12	19	10	11	7	13	0	5	4	7	17	17	13	11	16	7	9
ENSG00000181773	24	11	25	0	21	21	19	24	0	13	18	23	0	0	0	0	0	17	0
ENSG00000181785	0	0	0	0	0	0	0	0	0	0	0	0	0	0	0	0	0	0	0
ENSG00000181903	0	0	0	0	0	0	0	0	0	0	0	0	0	0	0	0	0	0	0
ENSG00000181927	0	0	0	0	0	0	0	0	0	0	0	0	0	0	0	0	0	0	0
ENSG00000182077	0	0	0	0	0	0	0	1	0	0	0	1	0	0	0	0	8	0	0
ENSG00000182173	6	1	10	11	6	8	5	0	0	4	0	7	8	9	6	4	11	6	6
ENSG00000182185	0	1	3	3	1	0	1	2	3	1	2	3	3	6	0	1	3	2	1
ENSG00000182196	14	7	27	32	11	25	12	18	22	29	22	24	32	32	28	17	30	27	24
ENSG00000182197	30	40	30	27	24	57	18	16	14	51	50	16	22	27	16	35	22	19	33
ENSG00000182199	19	8	18	23	25	13	17	15	0	12	15	18	19	0	13	10	17	10	10
ENSG00000182218	0	0	0	0	0	0	0	0	0	0	0	0	0	0	0	0	0	0	0
ENSG00000182318	0	0	0	0	0	0	0	0	0	0	0	0	0	0	0	0	0	0	0
ENSG00000182325	1	1	5	5	5	4	1	0	6	2	0	4	5	5	4	4	4	0	6
ENSG00000182379	10	0	0	0	9	6	8	9	0	8	6	9	0	8	8	6	9	4	0
ENSG00000182511	0	0	0	0	0	0	6	8	0	0	0	0	0	13	6	9	0	13	16
ENSG00000182544	7	7	8	15	9	7	5	9	5	0	5	6	5	4	8	8	11	8	8
ENSG00000182809	0	0	0	0	0	0	0	0	0	0	0	0	0	0	0	0	0	0	0
ENSG00000182824	0	0	0	0	0	0	0	0	0	0	0	0	0	0	0	0	0	0	0
ENSG00000182871	13	4	21	26	12	24	10	17	0	18	19	19	24	21	8	17	19	6	5
ENSG00000182979	4	1	4	8	6	1	4	5	6	2	2	4	7	5	6	5	6	3	6
ENSG00000183072	0	8	0	0	0	0	0	0	0	0	0	0	0	0	0	1	0	1	7
ENSG00000183628	5	3	5	0	6	6	5	7	8	3	7	5	6	7	4	2	2	3	1
ENSG00000183631	0	0	0	0	0	0	0	0	0	0	0	0	0	0	0	0	0	0	0
ENSG00000183655	12	4	12	16	10	15	9	19	8	20	16	6	20	21	13	16	20	18	11
ENSG00000183668	0	0	0	0	0	0	0	0	0	0	0	0	0	0	0	0	0	0	0
ENSG00000183691	12	9	23	13	13	28	9	8	16	28	16	5	19	32	7	13	10	18	16
ENSG00000183718	3	5	9	13	4	7	2	7	8	5	3	6	7	11	7	1	6	5	10
ENSG00000183741	32	10	33	34	24	32	24	38	26	31	25	26	37	35	24	19	30	15	13
ENSG00000183770	17	11	13	30	7	26	11	10	0	26	24	13	0	0	0	21	0	7	0
ENSG00000183814	19	16	18	19	12	9	12	17	14	11	12	6	15	20	9	6	14	3	10
ENSG00000183828	0	0	0	0	0	0	0	0	0	0	0	0	0	0	0	0	0	0	0
ENSG00000183864	21	8	26	27	17	34	20	21	24	22	24	24	24	29	22	15	26	17	20
ENSG00000183888	0	0	0	0	0	0	0	0	0	0	0	0	0	0	0	0	0	0	0
ENSG00000183921	0	0	0	0	0	0	0	0	0	0	0	0	0	0	0	0	0	0	0
ENSG00000184058	0	0	0	0	0	3	0	0	0	1	3	4	0	4	3	1	0	1	0
ENSG00000184160	21	5	9	9	15	3	18	17	4	10	6	11	12	23	0	5	10	2	0
ENSG00000184302	8	5	0	0	2	0	4	4	0	0	0	0	0	0	0	0	2	1	0
ENSG00000184508	19	12	19	6	13	10	15	19	5	15	17	28	9	11	16	19	24	19	30
ENSG00000184584	0	0	0	0	0	0	0	0	0	0	24	23	0	0	16	12	20	16	12
ENSG00000184702	6	0	0	0	5	0	6	0	0	0	2	0	7	6	0	4	0	2	1
ENSG00000184779	0	0	0	0	0	0	0	0	0	0	0	0	0	0	0	0	0	0	0
ENSG00000184887	0	0	0	0	0	0	0	0	0	0	0	0	0	0	0	0	0	0	0
ENSG00000184897	7	4	13	16	12	16	7	6	15	15	14	11	16	20	14	11	17	10	11
ENSG00000184908	0	0	0	0	0	0	0	0	0	0	0	0	0	0	0	0	0	0	0
ENSG00000184916	0	0	0	0	0	0	0	0	0	0	0	0	0	0	0	0	0	0	0
ENSG00000184937	15	10	13	0	6	0	13	8	16	4	6	0	0	0	7	12	0	4	0
ENSG00000184979	15	6	17	30	14	28	9	23	7	21	19	26	37	36	17	28	30	25	14
ENSG00000184986	0	0	0	0	0	0	0	0	8	0	0	0	2	0	0	0	0	0	0
ENSG00000184990	8	4	11	12	8	6	8	10	11	3	7	8	13	9	12	8	13	9	7
ENSG00000185000	0	0	0	0	0	0	0	0	0	0	0	0	0	0	0	0	0	0	0
ENSG00000185024	8	2	8	12	9	9	6	6	12	7	6	9	12	10	11	6	12	5	11
ENSG00000185100	0	0	0	0	0	0	0	0	0	0	0	0	0	0	0	0	0	0	0
ENSG00000185122	1	1	5	5	5	4	1	3	6	2	0	4	5	5	4	4	4	0	6
ENSG00000185304	0	0	0	0	0	0	0	0	0	0	0	0	0	0	0	0	0	0	0
ENSG00000185338	18	23	30	29	16	31	16	25	21	28	28	16	32	34	14	24	22	11	20
ENSG00000185345	12	4	10	12	9	11	7	8	8	8	6	9	17	23	2	9	7	15	2
ENSG00000185347	10	5	11	16	13	12	8	12	11	9	9	10	15	14	14	12	14	7	13
ENSG00000185551	23	19	27	15	15	29	11	9	0	23	15	25	13	30	4	26	10	4	12
ENSG00000185561	23	7	32	34	17	27	12	22	28	23	25	25	31	32	23	24	30	28	23
ENSG00000185633	18	7	0	0	24	0	17	12	0	7	10	9	0	0	8	12	19	10	3
ENSG00000185716	6	3	12	12	4	14	6	6	16	16	15	13	10	11	7	7	15	7	11
ENSG00000185803	1	1	5	5	5	4	1	0	6	2	0	4	5	5	4	4	4	0	6
ENSG00000185920	29	22	32	34	21	29	19	25	19	25	19	17	31	33	19	26	23	7	20
ENSG00000185966	0	0	0	0	0	0	0	0	0	0	0	0	0	0	0	0	0	0	0
ENSG00000186081	0	0	0	0	0	0	0	0	0	0	0	0	0	0	0	0	0	0	0
ENSG00000186113	0	0	0	0	0	0	0	0	0	0	0	0	0	0	0	0	0	0	0
ENSG00000186117	0	0	0	0	0	0	0	0	0	0	0	0	0	0	0	0	0	0	0
ENSG00000186119	0	0	0	0	0	0	0	0	0	0	0	0	0	0	0	0	0	0	0
ENSG00000186141	8	7	10	12	9	9	3	4	11	9	7	8	4	9	5	3	9	7	8
ENSG00000186146	0	0	0	0	0	0	0	0	0	0	0	0	0	0	0	0	0	0	0
ENSG00000186153	5	4	10	7	5	0	3	8	13	0	0	3	5	7	9	12	7	4	6
ENSG00000186364	7	5	0	11	8	8	4	6	0	7	5	4	0	7	5	2	8	5	0
ENSG00000186510	0	0	0	0	0	0	0	0	0	0	0	10	0	0	0	0	0	8	0
ENSG00000186575	4	1	7	8	1	3	1	3	3	4	5	2	6	6	3	1	4	2	4
ENSG00000186583	0	0	0	0	0	0	0	0	0	0	0	0	0	0	0	0	0	0	0
ENSG00000186599	0	0	0	0	0	0	0	0	0	0	0	0	0	0	0	0	0	0	0
ENSG00000186648	0	0	0	0	0	0	0	0	0	0	0	0	0	0	0	0	0	0	0
ENSG00000186710	0	0	0	0	0	0	0	0	0	0	0	0	0	0	0	0	0	0	0
ENSG00000186765	0	0	0	0	0	0	0	0	0	0	0	0	0	0	0	0	0	0	0
ENSG00000186790	19	0	0	0	0	5	11	23	0	8	9	7	0	0	0	5	0	5	0
ENSG00000186815	20	11	27	32	25	22	20	23	18	30	27	18	27	25	11	16	24	19	10
ENSG00000186868	21	16	11	14	12	16	11	11	0	14	8	13	16	16	9	13	16	17	10
ENSG00000186895	13	0	0	0	10	0	12	0	0	0	4	0	0	0	0	0	0	0	0
ENSG00000186951	0	0	0	0	0	0	0	0	0	0	0	0	0	0	0	0	0	0	0
ENSG00000187082	0	0	0	0	0	0	0	0	0	0	0	0	0	0	0	0	0	0	0
ENSG00000187098	14	14	20	22	16	32	11	8	26	28	23	36	10	27	15	19	20	24	15
ENSG00000187210	18	21	11	24	6	20	9	7	34	33	24	10	4	17	19	3	10	3	26
ENSG00000187486	9	0	7	0	8	4	6	10	6	8	9	5	16	15	12	4	10	9	2
ENSG00000187533	0	0	0	0	0	0	0	0	0	0	0	0	0	0	0	0	0	0	0
ENSG00000187786	0	0	0	0	0	0	0	0	0	0	0	0	0	0	0	0	0	0	0
ENSG00000187942	0	0	0	0	0	0	0	0	0	0	0	0	0	0	0	0	0	0	0
ENSG00000187951	13	5	15	15	16	13	12	15	9	13	7	14	6	9	9	10	16	8	5
ENSG00000187954	0	0	0	0	0	0	0	0	0	0	0	0	0	0	0	0	0	0	0
ENSG00000188086	0	0	0	0	0	0	0	0	0	0	0	0	0	0	0	0	0	0	0
ENSG00000188152	0	0	0	0	0	0	0	0	0	0	0	0	0	0	0	0	0	0	0
ENSG00000188321	13	5	0	14	6	12	0	13	14	9	7	9	17	18	10	8	14	1	5
ENSG00000188322	7	3	13	16	6	13	8	11	7	10	11	11	9	12	7	3	7	5	5
ENSG00000188368	21	4	24	32	23	19	25	31	20	20	15	17	26	26	20	10	27	11	16
ENSG00000188486	12	10	22	23	20	20	14	16	21	15	11	16	20	21	14	12	18	12	15
ENSG00000188686	0	0	0	0	0	0	0	0	0	0	0	0	0	0	0	0	0	0	0
ENSG00000188707	0	0	0	0	0	0	0	0	0	0	0	0	0	0	0	0	0	0	0
ENSG00000188760	22	8	20	33	18	21	21	31	0	24	22	20	25	27	12	20	21	12	8
ENSG00000188827	0	0	0	0	0	0	0	0	0	0	0	0	0	0	0	0	0	0	0
ENSG00000188997	15	16	29	15	13	24	8	12	29	24	17	30	16	25	13	31	19	16	24
ENSG00000189013	0	0	0	0	0	0	0	0	0	0	0	0	0	0	0	0	0	0	0
ENSG00000189056	3	9	2	9	4	9	1	2	0	3	1	5	4	7	4	4	5	4	0
ENSG00000189319	17	7	13	24	17	12	12	29	22	20	16	21	25	29	20	17	19	20	19
ENSG00000196092	6	7	7	0	16	1	14	14	0	2	2	0	0	0	8	6	9	9	10
ENSG00000196110	5	3	3	8	4	5	3	7	6	3	2	4	8	10	7	2	8	1	4
ENSG00000196187	24	17	25	26	15	28	23	22	12	27	28	18	32	37	19	17	27	16	20
ENSG00000196218	15	8	0	0	0	0	12	20	0	0	0	0	28	19	0	0	0	13	0
ENSG00000196220	35	8	22	10	22	6	25	22	0	14	10	10	35	46	18	29	11	12	5
ENSG00000196312	4	3	3	3	3	3	5	5	2	3	1	3	1	4	3	2	7	2	4
ENSG00000196547	9	8	11	11	6	13	8	10	11	13	8	12	12	16	7	8	11	9	14
ENSG00000196597	18	15	16	17	8	6	13	15	8	9	8	16	9	9	13	8	18	4	13
ENSG00000196628	25	21	28	11	18	42	20	13	26	35	20	8	14	32	4	18	15	22	13
ENSG00000196712	3	3	9	9	6	10	3	6	9	7	5	8	9	8	5	3	9	2	9
ENSG00000196890	8	2	11	14	12	13	11	13	7	12	7	7	17	15	11	14	0	8	9
ENSG00000197006	10	5	13	15	4	16	7	7	19	15	14	13	14	18	8	7	10	5	13
ENSG00000197134	0	0	0	0	0	0	0	0	0	0	0	0	2	4	4	1	1	2	0
ENSG00000197182	4	1	0	6	1	6	5	6	5	1	7	4	15	5	11	9	5	8	4
ENSG00000197283	25	14	34	36	24	25	23	36	18	21	19	24	33	31	27	10	27	19	17
ENSG00000197299	22	13	27	26	14	27	15	24	27	26	21	27	24	30	16	15	25	16	21
ENSG00000197417	21	7	23	28	16	24	17	26	16	20	15	17	27	22	18	19	30	8	8
ENSG00000197465	0	0	0	0	0	0	0	1	4	0	0	0	1	3	2	1	1	2	0
ENSG00000197532	0	0	0	0	0	0	0	0	0	0	0	0	0	0	0	0	0	0	0
ENSG00000197562	19	10	29	42	17	27	16	26	27	19	15	25	44	36	36	20	37	16	18
ENSG00000197696	4	3	8	10	3	9	3	4	0	7	5	6	7	7	0	4	7	4	4
ENSG00000197728	7	7	16	19	9	14	8	11	9	4	4	8	14	15	12	6	14	6	8
ENSG00000197774	7	0	14	16	4	9	5	0	8	1	6	14	15	12	10	7	12	4	8
ENSG00000197858	6	1	9	10	9	8	7	9	0	3	1	8	11	9	7	8	9	3	8
ENSG00000197879	8	1	0	0	7	0	4	0	0	0	0	6	0	0	7	0	0	6	8
ENSG00000197889	13	11	20	21	7	28	10	9	10	18	13	8	15	22	21	7	25	6	26
ENSG00000198026	13	8	14	26	12	14	9	18	15	17	17	13	16	17	17	14	23	8	17
ENSG00000198087	15	11	8	8	8	7	3	2	9	3	1	8	1	8	3	3	6	4	7
ENSG00000198129	0	0	0	0	0	0	0	0	0	0	0	0	0	0	0	0	0	0	0
ENSG00000198250	21	14	30	26	21	36	22	25	3	8	17	21	30	21	24	13	21	3	12
ENSG00000198483	0	0	0	0	0	0	0	0	0	0	0	0	0	0	0	0	0	0	0
ENSG00000198691	0	0	0	8	0	0	0	0	0	0	10	0	0	0	0	0	0	0	0
ENSG00000198743	19	16	21	25	27	25	16	16	10	25	23	28	13	24	15	16	13	18	17
ENSG00000198807	31	22	8	36	6	6	19	17	0	8	7	14	0	0	4	2	7	10	0
ENSG00000198836	24	23	24	25	14	24	21	9	13	22	27	7	21	27	12	15	11	16	19
ENSG00000198877	0	0	0	0	0	0	0	0	0	0	0	0	0	0	0	0	0	0	0
ENSG00000198901	3	2	7	15	2	6	3	2	10	9	4	5	6	6	5	4	5	3	4
ENSG00000198917	13	2	15	17	7	18	10	0	14	18	4	16	17	17	19	15	19	13	14
ENSG00000198954	7	9	5	9	5	11	4	4	10	7	4	3	6	13	4	6	8	2	9
ENSG00000203485	7	0	0	0	5	0	5	0	0	0	6	7	0	0	10	9	11	6	8
ENSG00000203618	6	0	0	0	5	0	6	0	0	0	2	0	7	6	0	4	0	2	1
ENSG00000203747	0	0	0	0	0	0	0	0	0	0	0	0	0	0	0	0	0	0	0
ENSG00000203772	0	0	0	0	0	0	0	0	0	0	0	0	0	0	0	0	0	0	0
ENSG00000203883	4	1	7	8	5	6	4	8	8	6	5	3	8	7	7	4	7	4	3
ENSG00000204099	0	0	0	0	0	0	0	0	0	0	0	0	0	0	0	0	0	0	0
ENSG00000204217	5	8	11	14	5	23	2	3	11	12	11	8	10	11	9	10	8	10	13
ENSG00000204323	0	0	0	0	0	0	0	0	0	0	0	0	0	0	0	0	0	0	0
ENSG00000204370	14	12	15	19	14	34	7	14	17	28	29	22	11	24	12	15	23	22	18
ENSG00000204393	0	0	0	0	0	0	0	0	0	0	0	0	0	0	0	0	0	0	0
ENSG00000204414	0	0	0	0	0	0	0	0	0	0	0	0	0	0	0	0	0	0	0
ENSG00000204513	0	0	0	0	0	0	0	0	0	0	0	0	0	0	0	0	0	0	0
ENSG00000204520	4	3	0	0	6	0	2	0	0	9	6	0	0	0	0	0	0	0	0
ENSG00000204533	0	0	0	0	0	0	0	0	0	0	0	0	0	0	0	0	0	0	0
ENSG00000204577	0	0	0	0	0	0	0	0	0	0	0	0	0	0	0	0	0	0	0
ENSG00000204604	0	0	0	0	0	0	0	0	0	0	0	0	0	0	0	0	0	0	0
ENSG00000204628	4	4	8	14	3	6	2	7	8	4	3	8	7	9	8	1	6	6	9
ENSG00000204682	19	19	21	9	18	14	13	8	9	15	8	6	13	18	3	10	5	2	4
ENSG00000204700	0	0	0	0	0	0	0	0	0	0	0	0	0	0	0	0	0	0	0
ENSG00000204775	0	0	0	0	0	0	0	0	0	0	0	0	0	0	0	0	0	0	0
ENSG00000204822	9	3	11	17	8	18	9	14	18	13	10	13	15	17	14	7	14	7	14
ENSG00000204839	0	0	0	0	0	0	0	0	0	0	0	0	0	0	0	0	0	0	0
ENSG00000204843	10	8	11	19	7	13	8	15	17	17	13	11	16	16	14	12	13	9	12
ENSG00000204941	0	0	0	0	0	0	0	0	0	0	0	0	0	0	0	0	0	0	0
ENSG00000204957	30	5	28	40	24	26	26	36	25	25	20	26	29	37	27	12	34	15	23
ENSG00000205030	0	0	0	0	0	0	0	0	0	0	0	0	0	0	0	0	0	0	0
ENSG00000205155	14	5	34	30	15	21	13	21	11	15	3	18	14	36	25	18	32	10	17
ENSG00000205495	0	0	0	0	0	0	0	0	0	0	0	0	0	0	0	0	0	0	0
ENSG00000205754	0	0	0	0	0	0	0	0	0	0	0	0	0	0	0	0	0	0	0
ENSG00000205927	10	2	6	13	5	0	4	6	0	0	6	0	0	0	0	0	0	3	0
ENSG00000206172	0	0	0	0	0	0	0	0	0	0	0	0	0	0	0	0	0	0	0
ENSG00000206549	8	4	0	0	11	8	5	14	0	10	0	0	0	0	5	10	9	5	0
ENSG00000212719	3	1	5	3	2	1	0	0	1	1	1	2	4	2	1	3	4	1	2
ENSG00000213145	10	0	7	0	0	0	6	10	0	0	10	0	0	0	0	11	0	6	0
ENSG00000213218	0	0	0	0	0	0	0	0	0	0	0	0	0	0	0	0	0	0	0
ENSG00000213246	24	11	25	15	15	14	23	25	22	10	10	23	15	16	14	4	17	4	11
ENSG00000213341	7	10	17	14	7	12	5	4	12	11	10	6	9	16	6	8	9	10	10
ENSG00000213578	0	0	0	0	0	0	0	0	0	0	0	0	0	0	0	0	0	0	0
ENSG00000214026	10	1	8	18	10	13	6	18	15	14	13	14	15	13	12	7	16	8	3
ENSG00000214042	0	0	0	0	0	0	0	0	0	0	0	0	0	0	0	0	0	0	0
ENSG00000214597	1	1	5	5	5	4	1	0	6	2	0	4	5	5	4	4	4	0	6
ENSG00000214655	3	3	2	8	5	3	1	5	6	3	8	10	5	7	5	1	8	4	6
ENSG00000215021	0	0	0	0	0	0	0	0	0	0	0	0	0	0	0	0	0	0	0
ENSG00000215045	5	1	8	5	3	0	5	14	0	5	5	3	0	3	0	6	0	4	0
ENSG00000215252	6	5	13	13	5	11	4	8	11	14	9	11	9	16	10	9	12	9	6
ENSG00000215372	0	0	0	0	0	0	0	0	0	0	0	0	0	0	0	0	0	0	0
ENSG00000218416	4	0	4	0	5	0	2	0	0	0	2	3	0	0	0	3	0	0	0
ENSG00000219492	0	0	0	0	0	0	0	0	0	0	0	0	0	0	0	0	0	0	0
ENSG00000221826	0	0	0	0	0	0	0	0	0	0	0	0	0	0	0	0	0	0	0
ENSG00000221994	0	0	0	0	0	0	0	0	0	0	0	0	0	0	0	0	0	0	0
ENSG00000224383	8	6	0	9	6	8	6	6	0	0	11	0	8	0	10	7	0	10	0
ENSG00000226174	0	0	0	0	0	0	0	0	0	0	0	0	0	0	0	0	0	0	0
ENSG00000226777	0	0	0	0	0	0	0	0	0	0	0	0	0	0	0	0	0	0	0
ENSG00000226974	0	0	0	0	0	0	0	0	0	0	0	0	0	0	0	0	0	0	0
ENSG00000229615	0	0	0	0	0	0	0	0	0	0	0	0	0	0	0	0	0	0	0
ENSG00000230567	0	0	0	0	0	0	0	0	0	0	0	0	0	0	0	0	0	0	0
ENSG00000230778	22	13	0	9	17	0	19	0	0	21	19	14	0	0	0	14	0	13	16
ENSG00000231924	0	0	0	0	0	0	0	0	0	0	0	0	0	0	0	0	0	0	0
ENSG00000233493	23	7	29	38	23	33	22	29	4	19	12	16	35	36	29	23	28	15	18
ENSG00000234631	0	0	0	0	0	0	0	0	0	0	0	0	0	0	0	0	0	0	0
ENSG00000234776	0	0	0	0	0	0	0	0	0	0	0	0	0	0	0	0	0	0	0
ENSG00000235173	0	0	0	0	0	0	0	0	0	0	0	0	0	0	0	0	0	0	0
ENSG00000236398	0	0	0	0	0	0	0	0	0	0	0	0	0	0	0	0	0	0	0
ENSG00000236609	5	1	9	11	4	2	5	0	16	10	7	8	11	11	11	8	10	5	7
ENSG00000237440	0	0	0	0	0	0	0	0	0	0	0	0	0	0	0	0	0	0	0
ENSG00000239732	5	5	17	17	13	10	10	10	10	6	5	9	10	13	13	8	13	7	12
ENSG00000239779	12	6	12	20	8	18	10	13	21	13	10	13	14	19	14	8	18	9	15
ENSG00000239887	0	0	0	0	0	0	0	0	0	0	0	0	0	0	0	0	0	0	0
ENSG00000240403	0	0	0	0	0	0	0	0	0	0	0	0	0	0	0	0	0	0	0
ENSG00000242019	0	0	0	0	0	0	0	0	0	0	0	0	0	0	0	0	0	0	0
ENSG00000242221	0	0	0	0	0	0	0	0	0	0	0	0	0	0	0	0	0	0	0
ENSG00000243130	0	0	0	0	0	0	0	0	0	0	0	0	0	0	0	0	0	0	0
ENSG00000243137	0	0	0	0	0	0	0	0	0	0	0	0	0	0	0	0	0	0	0
ENSG00000243566	0	0	0	0	0	0	0	0	0	0	0	0	0	0	0	0	0	0	0
ENSG00000243708	15	9	21	20	13	22	7	16	0	18	17	19	17	24	18	20	18	13	12
ENSG00000243709	0	0	0	0	0	0	0	0	0	0	0	0	0	0	0	0	0	0	0
ENSG00000243772	0	0	0	0	0	0	0	0	0	0	0	0	0	0	0	0	0	0	0
ENSG00000243789	15	9	21	20	13	22	7	16	0	18	17	19	17	24	18	20	18	13	12
ENSG00000243989	10	8	9	13	11	10	10	10	0	7	10	15	10	10	9	5	12	6	8
ENSG00000244045	13	6	18	18	9	14	10	15	11	11	11	8	12	13	20	8	23	5	10
ENSG00000244414	0	0	0	0	0	0	0	0	0	0	0	0	0	0	0	0	0	0	0
ENSG00000244482	0	0	0	0	0	0	0	0	0	0	0	0	0	0	0	0	0	0	0
ENSG00000247596	5	5	17	17	13	10	10	10	10	6	5	9	10	13	13	8	13	7	12
ENSG00000248487	8	7	9	8	11	8	10	10	0	6	9	13	10	10	9	5	11	5	7
ENSG00000249109	0	0	0	0	0	0	0	0	0	0	0	0	0	0	0	0	0	0	0
ENSG00000249471	0	0	0	0	0	0	0	0	0	0	0	0	0	0	0	0	0	0	0
ENSG00000250361	0	0	0	0	0	0	0	0	0	0	0	0	0	0	0	0	0	0	0
ENSG00000251322	20	4	22	19	19	25	16	30	24	24	14	11	16	29	17	15	28	10	15
ENSG00000251655	0	0	0	0	0	0	0	0	0	0	0	0	0	0	0	0	0	0	0
ENSG00000254535	7	4	2	2	3	3	5	3	0	1	2	4	0	1	0	0	6	2	2
ENSG00000254706	0	0	0	0	0	0	0	0	0	0	0	0	0	0	0	0	0	0	0
ENSG00000254834	0	0	0	0	0	0	0	0	0	0	0	0	0	0	0	0	0	0	0
ENSG00000255800	0	0	0	0	0	0	0	0	0	0	0	0	0	0	0	0	0	0	0
ENSG00000255835	14	11	19	16	12	19	12	12	7	18	18	13	20	21	11	12	13	13	13
ENSG00000255974	0	0	0	0	0	0	0	0	0	0	0	0	0	0	0	0	0	0	0
ENSG00000256097	0	0	0	0	0	0	0	0	0	0	0	0	0	0	0	0	0	0	0
ENSG00000256463	7	2	4	0	4	0	6	5	0	2	2	4	0	0	0	1	0	1	0
ENSG00000256525	10	5	15	11	9	14	8	11	14	17	15	12	12	19	10	8	21	14	10
ENSG00000256715	0	0	0	0	0	0	0	0	0	0	0	0	0	0	0	0	0	0	0
ENSG00000257046	0	0	0	0	0	0	0	0	0	0	0	0	0	0	0	0	0	0	0
ENSG00000257062	0	0	0	0	0	0	0	0	0	0	0	0	0	0	0	0	0	0	0
ENSG00000257341	0	0	0	0	0	0	0	0	0	0	0	0	0	0	0	0	0	0	0
ENSG00000258539	10	3	9	13	12	11	7	11	17	13	11	11	17	13	12	11	12	10	10
ENSG00000259112	2	2	8	6	5	9	2	2	4	4	4	2	6	11	5	2	6	6	4
ENSG00000259120	0	0	0	0	0	0	0	0	0	0	0	0	0	0	0	0	0	0	0
ENSG00000259384	0	0	0	0	0	0	0	0	0	0	0	0	0	0	0	0	0	0	0
ENSG00000260300	0	0	0	0	0	0	0	0	0	0	0	0	0	0	0	0	0	6	0
ENSG00000261603	0	0	0	0	0	0	0	0	0	0	0	0	0	0	0	0	0	0	0
ENSG00000262246	11	1	9	9	6	8	7	8	0	8	10	8	15	13	3	7	7	5	5
ENSG00000264472	0	0	0	0	0	0	0	0	0	0	0	0	0	0	0	0	0	0	0
ENSG00000266714	0	0	0	0	0	0	0	0	0	0	0	0	0	0	0	0	0	0	0
ENSG00000267120	8	3	23	20	10	15	9	12	20	10	7	5	19	25	19	12	22	8	11
ENSG00000267173	0	0	0	0	0	0	0	0	0	0	0	0	0	0	0	0	0	0	0
ENSG00000267508	0	0	0	0	0	0	0	0	0	0	0	0	0	0	0	0	0	0	0
ENSG00000267706	0	0	0	0	0	0	0	0	0	0	0	0	0	0	0	0	0	0	0
ENSG00000267819	0	0	0	0	0	0	0	0	0	0	0	0	0	0	0	0	0	0	0
ENSG00000267849	0	0	0	0	0	0	0	0	0	0	0	0	0	0	0	0	0	0	0
ENSG00000268091	0	0	0	0	0	0	0	0	0	0	0	0	0	0	0	0	0	0	0
ENSG00000268194	0	0	0	0	0	0	0	22	0	0	0	0	0	0	0	0	0	0	0
ENSG00000268206	5	0	0	0	0	0	0	0	0	0	0	0	0	0	0	0	0	0	0
ENSG00000268397	2	2	4	5	1	3	1	3	3	1	1	2	3	4	3	0	4	2	4
ENSG00000268643	15	5	20	28	16	17	10	22	17	13	7	13	24	25	20	9	20	10	19
ENSG00000268925	0	0	0	0	0	0	0	0	0	0	0	0	0	0	0	0	0	0	0
ENSG00000268927	0	0	0	0	0	0	0	0	0	0	0	0	0	0	0	0	0	0	0
ENSG00000269011	0	0	0	0	0	0	0	0	0	0	0	0	0	0	0	0	0	0	0
ENSG00000269071	0	0	0	0	0	0	0	0	0	0	0	0	0	0	0	0	0	0	0
ENSG00000269104	0	0	0	0	0	0	0	0	0	0	0	0	0	0	0	0	0	0	0
ENSG00000269307	12	5	16	21	12	20	9	18	18	15	16	14	22	21	14	11	20	6	13
ENSG00000269558	0	0	0	0	0	0	0	0	0	0	0	0	0	0	0	0	0	0	0
ENSG00000269855	0	0	0	0	0	0	0	0	0	0	0	0	0	0	0	0	0	0	0
ENSG00000271698	1	1	5	5	5	4	1	0	6	2	0	4	5	5	4	4	4	0	6
ENSG00000272916	10	8	10	13	6	28	6	16	17	27	28	16	17	22	8	9	9	13	8
ENSG00000273079	12	9	0	0	11	0	8	10	0	3	0	3	0	0	5	1	0	1	0
ENSG00000273171	15	6	0	0	10	17	10	0	13	0	16	12	15	15	23	10	0	6	12
